-,-,-
-989, -34, 263
-964, -20, 232
-990, -54, 270
-991, -20, 315
-991, -20, 315
-971, -6, 279
-948, 52, 246
-978, 212, 295
-1038, 401, 432
-1118, 677, 600
-1171, 962, 779
-1051, 1196, 661
-943, 995, 490
-943, 995, 490
-837, 552, 295
-785, 110, 201
-794, -334, 208
-744, -745, -12
-811, -995, 6
-898, -1092, 102
-892, -958, 91
-908, -750, 138
-928, -538, 227
-928, -538, 227
-844, -427, 135
-815, -470, 107
-845, -459, 130
-868, -427, 110
-884, -407, 90
-900, -429, 74
-,-,-
-946, -71, 245
-946, -71, 245
-1003, -69, 337
-979, -44, 321
-971, -40, 310
-953, 13, 266
-971, 105, 285
-998, 190, 322
-998, 190, 322
-1020, 270, 349
-1076, 429, 451
-1166, 769, 590
-1244, 1207, 737
-1173, 1418, 692
-990, 1273, 472
-865, 900, 348
-827, 551, 394
-774, 191, 419
-688, -331, 241
-642, -777, 98
-642, -777, 98
-660, -1064, 68
-713, -1141, 113
-800, -1121, 154
-926, -965, 272
-956, -831, 277
-933, -731, 220
-951, -656, 224
-911, -583, 152
-848, -452, 47
-856, -329, 42
-,-,-
-975, -40, 250
-1000, -40, 264
-943, -47, 85
-1028, -22, 256
-1074, -31, 334
-1074, -31, 334
-1102, 87, 408
-1057, 381, 389
-1121, 719, 555
-1157, 1042, 680
-1124, 1353, 730
-1025, 1480, 667
-826, 1348, 399
-699, 1028, 246
-715, 555, 245
-672, 180, 153
-630, -183, 68
-630, -183, 68
-746, -794, 131
-784, -1223, -32
-949, -1129, 107
-1048, -1089, 186
-1041, -1072, 160
-1032, -1139, 126
-1059, -997, 171
-1014, -693, 151
-910, -472, 62
-878, -281, 45
-883, -159, 46
-784, -137, -31
-,-,-
-1007, 57, 262
-1042, -20, 313
-994, 9, 263
-994, 9, 263
-989, 99, 242
-1011, 256, 302
-1100, 412, 478
-1134, 678, 571
-1214, 991, 730
-1215, 1261, 731
-1196, 1309, 643
-1132, 1143, 536
-998, 888, 379
-998, 888, 379
-946, 628, 377
-926, 275, 433
-671, -74, 144
-539, -419, -42
-599, -735, 51
-656, -1026, 133
-813, -1325, 209
-848, -1347, 158
-966, -1345, 224
-1038, -1290, 199
-1116, -1039, 230
-1099, -721, 211
-,-,-
-941, -92, 240
-1026, -115, 305
-1043, -130, 324
-999, -68, 250
-999, -68, 250
-1026, -36, 272
-1098, 66, 362
-1207, 372, 488
-1411, 936, 763
-1622, 1494, 1134
-1434, 1960, 1027
-1095, 1997, 728
-957, 1965, 757
-766, 1411, 731
-419, 224, 394
-169, -1027, 5
-73, -1871, -310
-214, -1998, -376
-598, -1998, -30
-782, -1962, 88
-966, -1639, 244
-1037, -1170, 263
-1049, -656, 264
-1036, -240, 196
-1044, 45, 171
-,-,-
-949, -90, 188
-825, -47, -77
-893, -12, 61
-1026, -44, 247
-1026, -44, 247
-1096, -36, 354
-1038, 37, 261
-999, 184, 143
-1092, 358, 266
-1230, 686, 473
-1344, 1127, 630
-1357, 1398, 662
-1266, 1486, 584
-1250, 1375, 609
-1238, 1118, 604
-1141, 821, 585
-870, 524, 460
-594, 178, 286
-594, 178, 286
-398, -301, 92
-308, -774, 74
-214, -1321, -134
-248, -1502, -202
-508, -1650, 32
-640, -1742, 28
-884, -1691, 243
-1034, -1520, 331
-951, -1273, 155
-909, -928, 68
-914, -579, 113
-,-,-
-1008, -72, 194
-1059, -10, 331
-1070, 52, 353
-984, 140, 243
-1065, 283, 384
-1065, 283, 384
-1135, 610, 458
-1250, 1003, 553
-1369, 1343, 750
-1244, 1525, 645
-1111, 1451, 520
-1037, 1131, 489
-1064, 791, 682
-882, 486, 614
-644, 111, 408
-512, -380, 298
-464, -815, 249
-401, -1241, 44
-426, -1591, -107
-638, -1680, 12
-731, -1452, 44
-731, -1452, 44
-844, -1364, 88
-,-,-
-941, 109, 249
-941, 109, 249
-991, 83, 281
-1067, 128, 366
-1056, 200, 347
-1005, 379, 320
-1043, 694, 399
-1171, 1035, 638
-1175, 1139, 667
-1148, 1011, 600
-1118, 738, 494
-1164, 452, 535
-1196, 209, 585
-1087, 53, 443
-1087, 53, 443
-1000, -139, 363
-929, -280, 324
-773, -475, 152
-669, -660, 37
-606, -782, 0
-545, -857, -122
-565, -895, -78
-591, -1014, -93
-,-,-
-1034, 114, 379
-1034, 114, 379
-1004, 106, 347
-969, 140, 298
-954, 210, 293
-974, 374, 349
-1024, 663, 467
-1054, 1041, 574
-1087, 1387, 680
-1024, 1542, 671
-930, 1495, 619
-796, 1314, 462
-847, 1029, 577
-856, 680, 642
-856, 680, 642
-814, 274, 488
-848, -161, 377
-773, -482, 184
-635, -532, 14
-625, -619, 118
-615, -937, 57
-694, -1125, 126
-814, -1355, 201
-911, -1523, 240
-996, -1574, 280
-,-,-
-1046, 51, 268
-1053, 98, 291
-1048, 179, 310
-1057, 241, 329
-1036, 355, 302
-1012, 591, 337
-1018, 928, 433
-1050, 1195, 555
-999, 1367, 554
-878, 1438, 413
-878, 1438, 413
-837, 1259, 354
-839, 939, 363
-813, 568, 354
-798, 265, 351
-770, -75, 355
-654, -401, 240
-599, -717, 174
-641, -967, 171
-622, -1097, 77
-647, -1165, 85
-647, -1165, 85
-799, -1350, 236
-751, -1386, 97
-,-,-
-976, 130, 209
-1039, 141, 313
-1013, 221, 301
-970, 303, 280
-1106, 452, 517
-1260, 759, 801
-1256, 1009, 824
-1178, 1133, 734
-1118, 1184, 663
-1028, 1132, 555
-864, 910, 390
-628, 623, 126
-628, 623, 126
-613, 270, 60
-666, -251, 86
-572, -686, -104
-540, -1020, -231
-547, -1247, -325
-793, -1170, -56
-1097, -1073, 215
-1192, -1056, 205
-,-,-
-975, -74, 190
-975, -74, 190
-1061, -24, 371
-1043, 31, 316
-960, 77, 137
-1008, 185, 185
-1107, 325, 352
-1131, 445, 399
-1141, 673, 454
-1100, 983, 471
-1100, 983, 471
-1035, 1129, 460
-934, 1112, 387
-845, 986, 295
-831, 805, 319
-866, 602, 356
-923, 401, 411
-904, 208, 388
-864, 0, 327
-864, 0, 327
-884, -306, 317
-961, -488, 335
-898, -647, 220
-873, -919, 135
-844, -1080, -22
-915, -1082, 13
-943, -970, 38
-981, -932, 36
-981, -932, 36
-1066, -753, 114
-1093, -551, 173
-1096, -351, 185
-,-,-
-1023, 153, 255
-1023, 153, 255
-963, 130, 175
-944, 143, 170
-974, 242, 293
-1053, 468, 514
-1082, 903, 639
-1139, 1326, 740
-1105, 1391, 676
-1030, 1236, 557
-968, 1008, 470
-907, 760, 448
-848, 431, 397
-848, 431, 397
-811, 109, 367
-725, -301, 247
-646, -692, 129
-652, -997, 68
-744, -1251, 89
-926, -1368, 198
-989, -1298, 180
-1005, -1294, 141
-966, -1201, 38
-,-,-
-905, 100, 173
-951, 186, 194
-951, 186, 194
-952, 287, 221
-1019, 372, 320
-1078, 479, 401
-1147, 727, 485
-1212, 1051, 582
-1160, 1261, 579
-996, 1379, 492
-821, 1334, 345
-749, 1133, 298
-738, 701, 352
-621, 204, 288
-621, 204, 288
-579, -94, 254
-526, -454, 214
-579, -1112, 39
-778, -1555, 83
-896, -1559, 92
-1039, -1215, 299
-914, -936, 178
-757, -854, 15
-829, -738, 68
-1031, -670, 268
-1062, -782, 251
-1049, -809, 201
-1145, -903, 253
-,-,-
-1046, 88, 329
-996, 107, 245
-996, 107, 245
-993, 86, 253
-1065, 129, 342
-1048, 261, 310
-1127, 395, 427
-1117, 648, 432
-1084, 999, 453
-1098, 1326, 566
-1065, 1534, 594
-982, 1490, 565
-897, 1180, 544
-891, 770, 664
-891, 770, 664
-724, 227, 542
-566, -296, 363
-555, -656, 372
-500, -916, 229
-594, -1172, 217
-813, -1408, 351
-900, -1456, 297
-893, -1374, 164
-930, -1344, 157
-991, -1207, 187
-1020, -986, 184
-989, -792, 162
-888, -599, 54
-,-,-
-997, 147, 170
-959, 109, 264
-1021, 104, 296
-1043, 104, 284
-997, 109, 202
-1026, 233, 274
-1026, 233, 274
-1054, 444, 339
-1101, 832, 452
-1081, 1230, 484
-1044, 1471, 530
-960, 1515, 480
-862, 1413, 375
-822, 1093, 355
-756, 698, 347
-651, 291, 283
-712, -90, 348
-634, -426, 250
-634, -426, 250
-533, -813, 76
-642, -953, 135
-822, -1073, 261
-945, -1307, 314
-1137, -1528, 362
-1190, -1329, 293
-1175, -957, 250
-,-,-
-1124, 59, 378
-1037, 78, 347
-962, 142, 223
-945, 291, 219
-945, 291, 219
-1009, 395, 303
-1062, 489, 385
-1097, 683, 448
-1132, 835, 524
-1059, 939, 484
-944, 1000, 396
-861, 1020, 356
-809, 963, 346
-744, 723, 280
-716, 475, 268
-716, 475, 268
-743, 283, 368
-682, -80, 249
-763, -395, 247
-936, -706, 382
-867, -934, 219
-879, -1165, 124
-1054, -1167, 284
-987, -938, 200
-963, -718, 176
-974, -558, 208
-1055, -529, 334
-1001, -520, 279
-993, -511, 258
-,-,-
-944, 188, 235
-952, 277, 241
-952, 277, 241
-1013, 422, 372
-1035, 603, 441
-1049, 753, 517
-1005, 1025, 524
-1033, 1382, 609
-1011, 1562, 672
-823, 1531, 563
-654, 1429, 460
-702, 1161, 663
-713, 640, 797
-510, -46, 532
-537, -780, 435
-537, -780, 435
-709, -1512, 429
-995, -1869, 523
-1126, -1798, 438
-1121, -1556, 334
-1117, -1344, 361
-1020, -1112, 235
-956, -724, 171
-893, -428, 115
-821, -179, 45
-,-,-
-935, 140, 68
-966, 204, 99
-966, 204, 99
-973, 236, 162
-1021, 391, 307
-1090, 791, 629
-1158, 1364, 937
-1009, 1822, 911
-793, 1929, 700
-604, 1763, 480
-533, 1335, 464
-554, 513, 492
-537, -481, 214
-537, -481, 214
-530, -1213, -61
-639, -1601, -102
-904, -1878, 40
-1078, -1763, 143
-1084, -1560, 172
-1126, -1495, 201
-1080, -1085, 162
-1009, -652, 148
-,-,-
-904, 59, 168
-972, -4, 178
-972, -4, 178
-1015, -33, 255
-1035, 18, 290
-1045, 232, 349
-1098, 653, 527
-1139, 1169, 725
-1196, 1428, 869
-1151, 1421, 860
-1100, 1272, 838
-964, 1067, 730
-781, 709, 498
-587, 237, 134
-587, 237, 134
-477, -156, -116
-582, -408, 33
-633, -676, 25
-465, -759, -195
-643, -848, 38
-951, -1035, 366
-993, -1095, 370
-1022, -1092, 367
-989, -986, 330
-1164, -958, 472
-1163, -798, 405
-1093, -619, 299
-1104, -493, 301
-,-,-
-1021, 241, 289
-968, 183, 185
-1019, 185, 237
-964, 252, 194
-964, 252, 194
-939, 466, 252
-1024, 890, 481
-1073, 1246, 644
-980, 1631, 708
-750, 1930, 655
-531, 1749, 497
-388, 1300, 377
-456, 846, 504
-447, 200, 391
-447, 200, 391
-556, -539, 237
-713, -1010, 203
-1225, -1446, 591
-1212, -1635, 451
-1156, -1564, 383
-1109, -1398, 332
-1091, -1201, 339
-1137, -1144, 274
-1097, -852, 338
-1047, -693, 303
-,-,-
-902, -4, 106
-902, -4, 106
-986, -33, 162
-964, 84, 150
-1027, 218, 241
-1092, 317, 346
-1108, 650, 449
-1156, 1036, 649
-1019, 1394, 670
-908, 1470, 621
-857, 1363, 599
-857, 1363, 599
-805, 1092, 572
-710, 757, 498
-693, 318, 448
-719, -94, 431
-801, -685, 329
-804, -1003, 207
-998, -1150, 337
-951, -1286, 245
-902, -1298, 164
-919, -1180, 180
-1095, -1015, 333
-1002, -771, 279
-938, -565, 234
-964, -351, 289
-,-,-
-1101, 279, 373
-1101, 279, 373
-974, 308, 239
-988, 402, 239
-1039, 654, 381
-1156, 766, 541
-1058, 899, 484
-994, 1135, 522
-946, 1337, 523
-929, 1315, 498
-816, 1078, 450
-906, 554, 550
-906, 554, 550
-1006, -2, 575
-922, -391, 433
-812, -745, 239
-759, -1071, 134
-804, -1269, 158
-721, -1289, 55
-768, -1266, 77
-913, -1296, 142
-1024, -1131, 232
-1111, -960, 293
-997, -747, 182
-,-,-
-980, 94, 194
-851, -3, 85
-851, -3, 85
-933, 34, 118
-1005, 57, 197
-1033, 79, 220
-1126, 365, 340
-1205, 972, 487
-1357, 1470, 752
-1209, 1560, 661
-925, 1466, 393
-813, 1113, 297
-813, 1113, 297
-852, 757, 437
-739, 326, 365
-432, -299, -63
-438, -676, -162
-750, -813, 159
-712, -955, 86
-869, -1072, 216
-1040, -1143, 388
-1110, -1200, 383
-1221, -1142, 424
-,-,-
-972, 133, 224
-856, 145, 132
-956, 200, 222
-1086, 501, 461
-1081, 809, 590
-1091, 1089, 721
-985, 1395, 742
-989, 1421, 799
-1008, 1198, 844
-984, 831, 804
-984, 831, 804
-865, 450, 634
-715, -10, 383
-666, -483, 154
-850, -802, 167
-681, -882, -30
-501, -961, -157
-684, -1192, -11
-899, -1200, 139
-932, -1014, 201
-1023, -1018, 282
-1002, -1155, 174
-,-,-
-994, 42, 250
-975, 82, 260
-1001, 192, 322
-938, 180, 253
-890, 324, 231
-890, 324, 231
-897, 616, 313
-957, 845, 415
-954, 1130, 473
-913, 1406, 543
-895, 1503, 638
-754, 1352, 576
-618, 993, 474
-622, 585, 465
-578, 267, 398
-578, 267, 398
-634, -38, 407
-776, -416, 459
-863, -782, 398
-932, -969, 328
-1049, -1068, 363
-1056, -1119, 287
-1126, -1177, 289
-1211, -1178, 316
-1276, -1075, 359
-1220, -886, 287
-,-,-
-891, 205, 154
-861, 249, 185
-1054, 273, 429
-1187, 445, 649
-1036, 721, 611
-1002, 1011, 684
-1084, 1226, 821
-1048, 1435, 877
-846, 1413, 767
-734, 1097, 655
-734, 1097, 655
-705, 800, 631
-748, 360, 606
-535, -216, 249
-459, -715, 38
-636, -1045, 96
-657, -1136, 91
-810, -1273, 172
-1097, -1328, 423
-1116, -1264, 455
-1150, -1208, 384
-1155, -930, 406
-1166, -682, 439
-1101, -483, 403
-,-,-
-990, 2, 197
-990, 2, 197
-987, 26, 181
-946, 124, 147
-930, 216, 141
-1018, 271, 251
-1035, 463, 316
-1035, 463, 316
-1063, 720, 396
-1121, 912, 492
-1101, 1091, 502
-1012, 1230, 487
-922, 1174, 482
-810, 923, 405
-754, 552, 314
-795, 303, 371
-817, -25, 425
-774, -412, 302
-777, -580, 294
-777, -580, 294
-756, -766, 240
-623, -976, 60
-657, -1049, 45
-868, -1102, 200
-777, -994, 136
-716, -1036, 77
-922, -1108, 211
-,-,-
-1041, -100, 259
-965, -141, 126
-995, -83, 189
-999, -45, 205
-1059, -42, 265
-1059, -42, 265
-1048, 23, 256
-1041, 163, 251
-1111, 354, 318
-1237, 733, 463
-1379, 1146, 702
-1365, 1208, 718
-1099, 1127, 465
-938, 991, 326
-870, 640, 277
-856, 383, 316
-748, 99, 224
-748, 99, 224
-684, -230, 126
-643, -566, 42
-613, -730, 0
-630, -734, 102
-697, -1179, 112
-800, -1494, 31
-859, -1332, 43
-863, -1072, 79
-863, -1072, 79
-840, -946, 68
-983, -959, 183
-,-,-
-976, 129, 186
-976, 129, 186
-1087, 168, 286
-1009, 204, 216
-938, 309, 149
-946, 525, 196
-995, 806, 298
-1142, 1120, 496
-1058, 1364, 495
-903, 1334, 403
-805, 1059, 291
-789, 825, 235
-789, 825, 235
-856, 696, 338
-699, 354, 210
-587, 68, 86
-665, -154, 152
-768, -377, 281
-770, -743, 249
-870, -889, 322
-870, -889, 322
-1106, -1165, 432
-1168, -1208, 405
-1160, -1069, 397
-1091, -813, 286
-1091, -813, 286
-1072, -527, 303
-1005, -330, 248
-974, -212, 221
-,-,-
-975, 149, 132
-913, 235, 125
-1008, 295, 206
-1039, 354, 254
-1054, 473, 293
-1109, 610, 353
-1109, 815, 356
-1065, 1036, 329
-1016, 1231, 363
-1016, 1231, 363
-940, 1160, 346
-763, 941, 182
-734, 685, 189
-759, 391, 254
-907, 75, 397
-827, -255, 264
-671, -493, 110
-842, -708, 268
-977, -917, 414
-803, -1124, 173
-803, -1124, 111
-735, -1113, 111
-855, -1046, 238
-877, -1068, 257
-970, -1086, 300
-981, -982, 284
-965, -872, 279
-,-,-
-923, 73, 97
-904, 138, 97
-982, 106, 150
-1064, 130, 249
-988, 225, 201
-951, 299, 162
-932, 527, 182
-932, 527, 182
-981, 1028, 304
-1102, 1388, 514
-1071, 1390, 482
-859, 1293, 271
-766, 1118, 250
-937, 881, 509
-849, 602, 511
-668, 203, 337
-675, -208, 309
-763, -476, 384
-842, -597, 468
-842, -597, 468
-706, -864, 329
-783, -1229, 334
-936, -1368, 405
-866, -1313, 313
-817, -1280, 223
-824, -1232, 205
-898, -1071, 296
-,-,-
-974, 88, 127
-995, 88, 142
-998, 116, 156
-979, 81, 143
-1019, 105, 198
-1015, 210, 221
-1044, 327, 253
-1044, 327, 253
-1100, 498, 314
-1076, 764, 329
-1084, 993, 381
-1026, 1146, 373
-933, 1215, 321
-879, 1172, 276
-896, 976, 277
-858, 704, 233
-721, 522, 138
-754, 227, 203
-754, 227, 203
-762, -30, 267
-686, -346, 228
-698, -687, 197
-711, -856, 226
-785, -989, 309
-809, -1169, 310
-914, -1253, 372
-1050, -1231, 428
-1021, -1029, 406
-993, -924, 326
-997, -807, 300
-991, -614, 279
-974, -401, 263
-,-,-
-909, 145, 73
-901, 174, 87
-987, 187, 174
-1025, 212, 214
-1036, 370, 246
-1129, 571, 370
-1187, 759, 438
-1187, 759, 438
-1149, 1061, 449
-1139, 1268, 500
-1031, 1235, 447
-855, 1055, 315
-854, 830, 336
-776, 548, 271
-689, 251, 228
-764, -62, 287
-755, -308, 263
-738, -531, 219
-814, -632, 315
-814, -632, 315
-894, -784, 376
-882, -1059, 280
-955, -1099, 302
-1008, -1031, 313
-944, -943, 240
-875, -873, 156
-959, -730, 200
-1003, -535, 222
-,-,-
-1044, 165, 219
-1044, 165, 219
-1060, 193, 210
-1011, 311, 169
-1022, 485, 217
-1043, 664, 277
-996, 855, 271
-933, 1090, 266
-879, 1144, 260
-929, 935, 297
-985, 679, 330
-981, 421, 317
-981, 421, 317
-1012, 126, 314
-1003, -54, 306
-1034, -128, 355
-956, -100, 367
-718, -283, 172
-693, -442, 125
-868, -452, 346
-874, -596, 366
-730, -832, 177
-849, -977, 210
-895, -908, 260
-895, -908, 260
-891, -885, 205
-993, -890, 239
-1018, -748, 253
-986, -660, 230
-,-,-
-1033, 118, 102
-937, 149, 67
-934, 150, 44
-917, 191, 34
-917, 191, 34
-917, 234, 44
-992, 300, 135
-1033, 408, 183
-1007, 547, 162
-1001, 691, 175
-980, 768, 179
-948, 856, 180
-948, 856, 180
-1039, 834, 266
-1072, 716, 283
-969, 605, 203
-853, 492, 110
-818, 330, 66
-818, 179, 65
-940, 4, 180
-940, 4, 180
-931, -117, 152
-837, -205, 71
-861, -270, 115
-880, -346, 161
-919, -447, 200
-953, -597, 208
-1069, -750, 269
-1109, -710, 278
-1093, -620, 254
-962, -541, 158
-962, -541, 158
-1021, -599, 195
-1115, -545, 259
-1075, -442, 226
-1019, -379, 181
-1017, -358, 176
-996, -427, 124
-,-,-
-939, 363, 16
-928, 466, 36
-975, 605, 110
-964, 785, 158
-915, 873, 136
-958, 805, 168
-958, 805, 168
-1067, 523, 257
-1226, 265, 386
-1259, 146, 367
-1170, 6, 221
-1015, 34, 101
-853, 11, 2
-853, 11, 2
-892, -138, 29
-857, -202, 30
-750, -290, -21
-655, -388, -83
-741, -550, -28
-780, -643, 13
-861, -780, 86
-861, -780, 86
-953, -809, 164
-864, -768, 93
-938, -827, 120
-1007, -756, 150
-1036, -610, 156
-1066, -540, 174
-1059, -537, 158
-,-,-
-1048, 168, 36
-1021, 159, 46
-1031, 185, 66
-1029, 287, 73
-1018, 515, 73
-1092, 659, 154
-1105, 643, 149
-1033, 632, 45
-1042, 824, 84
-1042, 824, 84
-1047, 972, 140
-945, 786, 80
-851, 491, -30
-957, 247, 29
-951, 147, 32
-859, 189, -23
-859, 189, -23
-833, 69, -54
-756, -209, -97
-796, -402, -41
-938, -285, 136
-873, -126, 82
-672, -150, -52
-822, -305, 102
-1009, -348, 260
-1091, -430, 355
-1011, -601, 251
-1011, -601, 251
-997, -586, 187
-1012, -423, 183
-1048, -371, 211
-1034, -385, 195
-1043, -448, 188
-1076, -479, 158
-,-,-
-940, 110, -42
-950, 115, 17
-1059, 158, 85
-1098, 148, 142
-1098, 148, 142
-1075, 254, 144
-1068, 413, 142
-1108, 622, 176
-1101, 822, 194
-1031, 1048, 177
-924, 1146, 121
-824, 965, 47
-733, 807, -31
-717, 652, -50
-706, 344, -72
-706, 344, -72
-706, 101, -81
-916, 43, 64
-1049, -29, 107
-995, -109, 52
-1095, -343, 142
-1206, -502, 239
-1195, -526, 271
-1050, -766, 165
-987, -836, 95
-1049, -732, 145
-1049, -732, 145
-1059, -621, 139
-1016, -592, 117
-994, -670, 103
-996, -641, 98
-,-,-
-970, 184, 39
-967, 143, 18
-967, 143, 18
-984, 182, 57
-961, 276, 56
-987, 380, 85
-1026, 590, 109
-1023, 794, 135
-1045, 943, 192
-978, 1051, 159
-978, 1051, 159
-953, 999, 165
-885, 893, 145
-867, 740, 167
-865, 499, 189
-771, 206, 90
-702, 69, 44
-702, 69, 44
-780, -25, 163
-806, -249, 167
-968, -537, 189
-1046, -519, 186
-913, -417, 145
-912, -705, 161
-1046, -927, 186
-1042, -783, 125
-1022, -630, 100
-1054, -568, 113
-1103, -595, 135
-1054, -610, 109
-997, -611, 75
-997, -611, 75
-,-,-
-1061, 96, 70
-1011, 158, 135
-1027, 176, 119
-994, 175, 84
-994, 175, 84
-973, 348, 86
-1040, 632, 163
-1135, 815, 252
-1140, 900, 273
-997, 1100, 207
-948, 1147, 208
-925, 1005, 226
-831, 779, 173
-718, 485, 70
-718, 485, 70
-859, 129, 177
-875, -31, 221
-789, -173, 149
-707, -450, 64
-835, -725, 149
-1035, -837, 275
-1085, -791, 251
-1027, -652, 180
-890, -544, 77
-890, -544, 77
-817, -493, 45
-892, -490, 127
-1061, -555, 244
-1080, -514, 224
-1060, -461, 198
-1039, -412, 182
-1025, -370, 165
-998, -329, 130
-,-,-
-1000, 269, 96
-1035, 358, 177
-1063, 482, 226
-1049, 632, 219
-1104, 790, 304
-1146, 850, 372
-1051, 947, 284
-894, 941, 183
-751, 873, 113
-727, 787, 164
-727, 787, 164
-825, 533, 276
-789, 372, 247
-816, 77, 263
-981, -348, 388
-914, -521, 306
-958, -768, 323
-988, -988, 311
-942, -992, 229
-906, -900, 202
-906, -900, 202
-825, -798, 142
-842, -847, 148
-940, -842, 209
-1030, -752, 271
-1015, -640, 250
-,-,-
-1031, 127, 150
-1031, 127, 150
-1046, 191, 168
-1015, 237, 129
-967, 278, 89
-1009, 363, 147
-1097, 519, 247
-1106, 652, 264
-1056, 774, 230
-993, 845, 198
-981, 891, 194
-991, 764, 187
-991, 764, 187
-1001, 628, 157
-1178, 394, 303
-1179, 221, 305
-941, 147, 112
-727, 78, -60
-676, -23, -92
-709, -157, -35
-759, -293, 9
-759, -293, 9
-794, -407, 43
-820, -598, 74
-779, -712, 38
-841, -763, 65
-942, -774, 133
-960, -759, 120
-960, -759, 120
-950, -747, 94
-955, -786, 99
-943, -807, 68
-977, -817, 83
-,-,-
-917, 182, 5
-902, 282, 13
-942, 480, 42
-958, 615, 95
-979, 674, 153
-979, 674, 153
-953, 732, 122
-1003, 673, 134
-1126, 665, 242
-1109, 742, 276
-1052, 710, 234
-1012, 493, 170
-927, 335, 66
-987, 224, 156
-1015, 186, 224
-1015, 186, 224
-953, 59, 186
-837, -178, 41
-877, -313, 83
-1042, -370, 249
-881, -358, 107
-753, -434, 10
-765, -438, 48
-876, -371, 147
-876, -371, 147
-882, -376, 127
-836, -400, 80
-875, -456, 122
-1022, -572, 215
-1077, -652, 208
-,-,-
-982, 187, 109
-1026, 260, 136
-1021, 285, 142
-993, 350, 122
-993, 350, 122
-988, 481, 132
-1016, 618, 179
-981, 702, 176
-854, 815, 94
-795, 942, 71
-826, 823, 124
-962, 573, 281
-962, 573, 281
-1016, 385, 337
-917, 295, 236
-859, 161, 172
-946, 8, 237
-1091, -36, 348
-1136, -46, 382
-947, -90, 221
-947, -90, 221
-858, -103, 138
-885, -108, 160
-802, -38, 133
-796, -126, 202
-938, -397, 326
-1132, -520, 439
-1455, -637, 650
-1355, -676, 610
-1130, -696, 379
-,-,-
-1013, 157, 127
-1032, 144, 190
-1095, 193, 213
-1093, 260, 202
-1069, 403, 219
-1023, 543, 199
-1048, 643, 233
-988, 702, 209
-988, 702, 209
-920, 785, 158
-928, 855, 180
-974, 838, 249
-989, 700, 283
-846, 476, 173
-928, 243, 260
-971, 36, 315
-971, 36, 315
-802, -172, 196
-737, -356, 129
-849, -543, 228
-998, -782, 376
-991, -990, 322
-916, -1024, 178
-862, -833, 98
-916, -675, 114
-928, -596, 131
-1002, -645, 197
-1002, -645, 197
-,-,-
-1047, 178, 242
-1047, 178, 242
-980, 249, 175
-1008, 280, 189
-1036, 316, 246
-1071, 400, 307
-1038, 525, 314
-999, 605, 297
-1009, 624, 303
-971, 724, 274
-979, 783, 285
-979, 783, 285
-994, 731, 311
-995, 520, 302
-953, 270, 229
-960, 81, 205
-1047, -16, 251
-984, -119, 192
-919, -228, 162
-910, -348, 184
-910, -348, 184
-977, -444, 264
-796, -681, 76
-736, -787, -35
-824, -696, 28
-923, -610, 130
-897, -547, 107
-769, -571, 14
-753, -744, -26
-891, -848, 54
-891, -848, 54
-1016, -803, 147
-,-,-
-980, 208, 167
-969, 225, 130
-1120, 245, 255
-1188, 374, 337
-1188, 374, 337
-1167, 506, 352
-1117, 588, 326
-1082, 629, 295
-1068, 693, 305
-1027, 686, 295
-902, 701, 207
-799, 678, 131
-787, 554, 132
-825, 371, 166
-825, 371, 166
-842, 192, 166
-893, 17, 173
-984, -189, 216
-1128, -385, 285
-1058, -331, 217
-921, -230, 105
-880, -238, 110
-833, -290, 86
-898, -270, 138
-953, -265, 181
-953, -265, 181
-921, -318, 158
-997, -386, 213
-1103, -402, 269
-1138, -442, 287
-,-,-
-1036, 73, 161
-964, 82, 101
-913, 173, 38
-1037, 228, 152
-1081, 261, 220
-1076, 245, 193
-1038, 273, 141
-1018, 403, 126
-1065, 524, 185
-1065, 524, 185
-1041, 735, 186
-1028, 963, 230
-1040, 959, 286
-966, 830, 236
-935, 581, 212
-970, 296, 279
-932, 27, 279
-835, -175, 211
-817, -318, 181
-817, -318, 181
-866, -514, 166
-819, -615, 100
-926, -681, 133
-938, -541, 142
-946, -440, 160
-915, -484, 120
-967, -521, 132
-1013, -470, 168
-1062, -510, 184
-1086, -592, 179
-1074, -636, 132
-1070, -586, 98
-,-,-
-907, 135, -16
-919, 156, 50
-966, 199, 71
-966, 199, 71
-988, 222, 101
-1002, 276, 120
-1017, 398, 125
-1032, 588, 151
-1013, 739, 168
-980, 800, 173
-1049, 790, 259
-1040, 737, 288
-1004, 622, 278
-987, 529, 265
-987, 529, 265
-1024, 378, 287
-1014, 219, 266
-916, 135, 191
-780, 129, 101
-784, 99, 133
-831, 27, 173
-831, 27, 173
-824, -29, 169
-841, -84, 208
-919, -327, 278
-935, -508, 252
-954, -498, 242
-1041, -496, 305
-1006, -584, 286
-974, -729, 209
-1046, -773, 220
-1144, -800, 293
-1177, -846, 316
-,-,-
-964, 250, 96
-1002, 250, 167
-1003, 266, 171
-956, 346, 132
-979, 606, 177
-1172, 773, 391
-1175, 845, 399
-1175, 845, 399
-1036, 884, 287
-987, 882, 269
-994, 813, 323
-992, 657, 328
-964, 572, 295
-929, 485, 274
-843, 219, 190
-942, -1, 251
-942, -1, 251
-1008, -205, 293
-887, -401, 168
-813, -405, 113
-927, -464, 202
-936, -486, 212
-827, -557, 121
-899, -684, 161
-991, -696, 226
-1030, -660, 232
-1104, -677, 260
-1132, -732, 280
-,-,-
-991, 83, 114
-970, 106, 112
-990, 143, 124
-1019, 179, 158
-1012, 218, 170
-1012, 300, 187
-987, 502, 179
-1002, 733, 213
-1002, 733, 213
-960, 909, 212
-895, 1021, 207
-891, 985, 230
-929, 805, 284
-1009, 712, 384
-989, 649, 405
-982, 422, 397
-962, 208, 361
-962, 208, 361
-889, -6, 321
-985, -310, 374
-1033, -403, 391
-894, -473, 235
-768, -511, 129
-841, -690, 177
-943, -773, 222
-909, -718, 188
-876, -774, 169
-879, -882, 107
-1048, -829, 255
-1048, -829, 255
-1142, -745, 285
-1126, -653, 281
-1073, -633, 248
-,-,-
-1026, 61, 153
-956, 84, 100
-997, 163, 157
-959, 203, 152
-975, 285, 186
-1034, 405, 245
-1012, 610, 250
-997, 774, 252
-997, 774, 252
-1009, 920, 275
-1052, 1075, 346
-1062, 1028, 370
-955, 906, 310
-937, 706, 319
-935, 438, 327
-881, 218, 312
-866, 97, 315
-866, 97, 315
-797, -39, 237
-762, -158, 204
-717, -314, 218
-705, -665, 172
-786, -799, 146
-880, -738, 177
-997, -733, 266
-1094, -780, 334
-1164, -744, 397
-1129, -862, 355
-,-,-
-1014, 31, 144
-1014, 31, 144
-993, 51, 138
-996, 37, 163
-1008, 89, 187
-1007, 167, 197
-1005, 284, 196
-1003, 440, 211
-1013, 615, 252
-1013, 615, 252
-1023, 777, 286
-979, 839, 264
-840, 928, 179
-742, 841, 118
-722, 645, 139
-771, 488, 213
-939, 393, 345
-1032, 208, 402
-1032, 208, 402
-1231, -42, 506
-1260, -72, 473
-1100, -53, 341
-948, -164, 224
-915, -159, 215
-1056, -118, 371
-991, -65, 357
-690, -135, 166
-756, -351, 212
-1051, -545, 416
-1278, -689, 588
-1236, -748, 558
-1100, -950, 431
-,-,-
-943, 210, 119
-1048, 179, 237
-1083, 296, 336
-1049, 387, 321
-1022, 409, 270
-1015, 506, 274
-1025, 612, 300
-1002, 751, 308
-932, 905, 288
-945, 854, 313
-945, 854, 313
-979, 671, 336
-899, 583, 287
-855, 541, 267
-876, 439, 302
-923, 233, 335
-947, 57, 308
-947, 57, 308
-943, -181, 273
-950, -425, 259
-923, -415, 239
-824, -387, 215
-832, -667, 221
-1047, -804, 327
-1232, -753, 417
-1278, -729, 463
-,-,-
-987, 187, 177
-961, 208, 171
-974, 224, 177
-983, 280, 193
-983, 280, 193
-976, 322, 201
-945, 423, 203
-937, 587, 239
-1001, 661, 311
-1019, 695, 321
-1100, 666, 362
-1216, 644, 428
-1188, 596, 385
-1058, 542, 264
-1058, 542, 264
-969, 430, 188
-928, 276, 142
-907, 172, 138
-859, 74, 134
-805, -125, 108
-758, -314, 56
-787, -393, 50
-787, -393, 50
-792, -439, 61
-880, -579, 122
-917, -728, 135
-985, -796, 167
-1055, -840, 202
-1091, -975, 213
-1089, -1048, 194
-,-,-
-1026, 115, 158
-1063, 149, 182
-1069, 234, 207
-1090, 294, 233
-1090, 294, 233
-1083, 391, 254
-1069, 544, 267
-1094, 693, 322
-1053, 785, 323
-995, 766, 286
-967, 690, 262
-946, 585, 258
-870, 459, 214
-737, 336, 124
-737, 336, 124
-697, 182, 105
-902, 92, 254
-995, -11, 280
-914, -220, 198
-866, -461, 146
-976, -649, 210
-1098, -693, 275
-1109, -708, 276
-1007, -727, 186
-1144, -815, 246
-1268, -858, 320
-,-,-
-936, 292, 129
-1000, 358, 172
-1039, 353, 220
-1039, 353, 220
-1078, 351, 271
-1073, 405, 286
-1087, 534, 289
-1111, 621, 309
-1046, 750, 265
-939, 829, 186
-932, 782, 184
-945, 681, 198
-1014, 522, 254
-938, 351, 206
-938, 351, 206
-699, 143, 42
-626, 16, -8
-908, -62, 179
-1000, -175, 241
-787, -322, 79
-821, -473, 92
-821, -473, 92
-1028, -533, 206
-1054, -500, 210
-895, -505, 96
-1059, -694, 203
-1233, -731, 300
-1262, -727, 296
-1273, -712, 291
-,-,-
-1075, 414, 225
-1107, 465, 341
-1095, 536, 317
-1015, 677, 286
-993, 803, 287
-940, 882, 261
-940, 882, 261
-881, 838, 209
-814, 798, 167
-802, 750, 163
-828, 589, 180
-895, 361, 200
-893, 197, 180
-985, -43, 271
-985, -43, 271
-849, -211, 189
-770, -461, 85
-888, -760, 143
-1038, -825, 211
-1118, -755, 221
-1036, -696, 159
-955, -828, 109
-1017, -953, 112
-,-,-
-972, 147, 125
-975, 263, 138
-975, 263, 138
-932, 373, 106
-915, 533, 107
-994, 616, 251
-1055, 606, 323
-1124, 613, 373
-1127, 616, 374
-1111, 557, 366
-977, 645, 291
-977, 645, 291
-797, 698, 178
-741, 597, 165
-703, 470, 149
-644, 409, 126
-715, 225, 183
-866, -103, 282
-907, -264, 259
-1043, -520, 302
-1043, -520, 302
-1132, -825, 315
-1189, -900, 280
-1339, -871, 345
-1372, -840, 344
-1255, -802, 251
-,-,-
-936, 153, 81
-936, 153, 81
-988, 139, 126
-980, 183, 129
-963, 268, 119
-980, 339, 154
-988, 485, 176
-1010, 730, 223
-1010, 730, 223
-1049, 903, 296
-985, 1040, 274
-945, 1041, 258
-901, 891, 234
-843, 702, 215
-907, 553, 256
-978, 428, 300
-890, 203, 216
-890, 203, 216
-823, -73, 144
-886, -118, 192
-838, -268, 150
-818, -547, 83
-933, -681, 102
-1067, -722, 172
-971, -836, 91
-976, -1021, 71
-1037, -1052, 64
-1126, -980, 83
-,-,-
-935, 139, 50
-1028, 154, 147
-1043, 144, 167
-997, 143, 135
-964, 209, 107
-954, 408, 132
-1004, 583, 207
-965, 678, 195
-965, 678, 195
-854, 774, 121
-891, 761, 173
-1027, 740, 320
-1100, 715, 388
-1036, 605, 326
-954, 470, 241
-981, 273, 249
-1050, 127, 286
-1005, 97, 237
-1005, 97, 237
-926, 67, 164
-840, -2, 105
-790, -73, 68
-820, -237, 87
-827, -275, 101
-912, -377, 181
-912, -377, 181
-957, -586, 178
-1039, -713, 195
-1121, -711, 221
-1142, -779, 226
-,-,-
-930, 114, 85
-875, 103, 45
-983, 103, 130
-983, 103, 130
-1105, 137, 242
-1108, 130, 253
-1079, 107, 210
-991, 235, 140
-1015, 379, 181
-1074, 499, 254
-1052, 599, 270
-946, 662, 209
-866, 698, 160
-866, 698, 160
-871, 661, 179
-903, 563, 231
-902, 497, 236
-852, 376, 193
-801, 189, 140
-915, 77, 224
-1168, -49, 398
-1168, -49, 398
-1184, -198, 351
-1032, -238, 191
-950, -195, 108
-956, -124, 108
-1004, -152, 144
-962, -173, 127
-941, -238, 112
-947, -277, 110
-1005, -313, 151
-1008, -353, 146
-1010, -437, 131
-989, -518, 96
-1042, -545, 121
-1091, -591, 146
-,-,-
-927, 133, 77
-919, 142, 98
-916, 159, 94
-878, 178, 57
-878, 252, 61
-878, 252, 61
-974, 402, 153
-1045, 481, 219
-1017, 593, 215
-999, 732, 231
-1002, 771, 253
-930, 729, 206
-946, 627, 231
-1133, 473, 395
-1133, 473, 395
-1199, 333, 451
-1054, 238, 323
-838, 190, 152
-797, 122, 123
-889, -128, 177
-914, -242, 189
-912, -237, 187
-818, -359, 139
-848, -703, 111
-951, -826, 127
-951, -826, 127
-1169, -765, 280
-1159, -696, 277
-899, -656, 109
-,-,-
-1032, 171, 243
-1032, 171, 243
-1061, 223, 275
-1051, 257, 286
-1014, 368, 277
-1031, 440, 302
-1023, 536, 309
-1003, 651, 314
-985, 685, 309
-923, 726, 275
-877, 732, 265
-848, 652, 233
-848, 652, 233
-839, 531, 224
-794, 364, 204
-787, 179, 192
-926, -1, 274
-976, -176, 273
-975, -226, 139
-1370, -472, 412
-1181, -343, 313
-935, -350, 127
-935, -350, 127
-960, -457, 139
-916, -656, 107
-1057, -712, 179
-1097, -608, 213
-1044, -483, 168
-,-,-
-1071, 105, 206
-1094, 120, 231
-1051, 255, 237
-1024, 423, 248
-1039, 497, 285
-1039, 497, 285
-1038, 552, 308
-960, 648, 259
-931, 751, 257
-973, 794, 307
-975, 774, 316
-985, 629, 294
-956, 483, 253
-869, 351, 183
-869, 351, 183
-803, 216, 128
-847, 95, 141
-927, -175, 156
-925, -290, 98
-903, -281, 62
-826, -307, 11
-826, -307, 11
-852, -374, 57
-1073, -478, 228
-1026, -462, 180
-1022, -559, 134
-1101, -617, 142
-1180, -646, 187
-1225, -709, 207
-,-,-
-1039, 227, 147
-931, 269, 142
-955, 460, 176
-1056, 646, 288
-1029, 747, 299
-933, 789, 240
-933, 789, 240
-951, 785, 262
-1014, 679, 316
-987, 560, 284
-1060, 460, 314
-1038, 332, 253
-940, 197, 145
-897, 94, 110
-897, 94, 110
-898, 77, 118
-886, -10, 90
-885, -72, 71
-766, -60, 20
-822, -180, 70
-822, -180, 70
-910, -369, 116
-833, -507, 38
-819, -550, 5
-987, -577, 112
-1061, -629, 166
-991, -739, 79
-1005, -722, 38
-1140, -696, 121
-,-,-
-949, 160, 116
-987, 171, 163
-1003, 168, 172
-975, 174, 156
-994, 239, 184
-1035, 312, 238
-1017, 450, 258
-974, 638, 275
-934, 791, 302
-934, 791, 302
-909, 869, 321
-934, 914, 365
-1046, 865, 450
-1108, 705, 464
-973, 559, 342
-953, 322, 284
-949, 71, 236
-949, 71, 236
-959, -195, 188
-909, -220, 127
-933, -222, 129
-932, -332, 116
-814, -427, 45
-863, -619, 51
-962, -676, 117
-952, -734, 87
-952, -734, 87
-,-,-
-924, 132, 113
-927, 245, 125
-960, 373, 198
-960, 373, 198
-1013, 426, 261
-1010, 488, 269
-1048, 548, 311
-1008, 674, 314
-973, 769, 328
-979, 740, 351
-926, 595, 314
-906, 455, 280
-906, 455, 280
-1004, 342, 329
-1006, 186, 320
-908, 2, 228
-870, -76, 163
-975, -100, 189
-1003, -54, 213
-925, -78, 171
-842, -163, 106
-842, -163, 106
-893, -272, 113
-1052, -348, 192
-1005, -315, 191
-1003, -439, 187
-1081, -637, 186
-1138, -728, 170
-1178, -711, 199
-1090, -772, 155
-,-,-
-1093, 145, 199
-1045, 157, 163
-1027, 125, 129
-997, 150, 121
-1001, 188, 139
-1012, 231, 178
-977, 278, 164
-959, 397, 159
-1031, 581, 223
-1031, 581, 259
-1062, 732, 259
-1016, 800, 244
-952, 867, 221
-972, 776, 240
-976, 704, 233
-967, 587, 231
-853, 437, 159
-746, 276, 78
-746, 276, 78
-763, 148, 106
-776, 81, 139
-752, 116, 154
-820, 152, 257
-897, -264, 292
-974, -697, 251
-1154, -798, 297
-1198, -773, 301
-1198, -773, 301
-1198, -819, 276
-1259, -884, 269
-1251, -836, 225
-,-,-
-986, 52, 159
-1006, 154, 186
-992, 271, 182
-943, 416, 180
-938, 578, 210
-927, 787, 238
-965, 855, 275
-965, 855, 275
-1029, 773, 321
-1098, 604, 365
-1097, 478, 377
-1097, 384, 363
-1006, 320, 291
-931, 205, 223
-863, 66, 178
-942, -68, 213
-942, -68, 213
-891, -48, 183
-782, -58, 134
-744, -166, 120
-760, -285, 132
-897, -340, 240
-1067, -462, 365
-1017, -636, 301
-931, -704, 218
-,-,-
-1054, 275, 210
-988, 340, 147
-958, 425, 167
-958, 425, 167
-973, 540, 210
-988, 610, 255
-908, 659, 228
-782, 785, 152
-802, 787, 184
-879, 706, 254
-879, 706, 254
-820, 691, 204
-882, 571, 235
-1013, 286, 317
-1142, 200, 385
-1051, 184, 280
-884, 98, 157
-906, -18, 178
-1037, -35, 287
-1037, -35, 287
-977, -78, 260
-783, -199, 153
-761, -306, 137
-926, -416, 252
-1169, -519, 411
-1050, -620, 322
-,-,-
-923, 346, 218
-984, 350, 272
-956, 360, 275
-956, 360, 275
-969, 344, 278
-999, 349, 305
-1050, 436, 379
-1052, 513, 386
-913, 584, 291
-830, 685, 249
-928, 609, 305
-928, 609, 305
-1097, 375, 377
-1147, 234, 376
-1098, 218, 322
-919, 221, 184
-831, 122, 106
-927, 14, 167
-868, -16, 133
-825, -111, 106
-825, -111, 106
-787, -196, 72
-854, -298, 120
-978, -473, 203
-965, -643, 150
-1039, -705, 145
-1171, -726, 211
-1251, -789, 294
-,-,-
-1032, 235, 136
-970, 268, 125
-1006, 323, 168
-996, 362, 187
-986, 348, 183
-976, 395, 172
-976, 395, 172
-972, 484, 191
-939, 601, 193
-900, 759, 204
-919, 716, 229
-976, 622, 283
-948, 463, 257
-869, 263, 191
-869, 263, 191
-873, 200, 196
-960, 248, 266
-859, 97, 203
-865, -85, 184
-1054, -97, 294
-1074, -134, 324
-898, -354, 182
-966, -412, 163
-966, -412, 163
-1115, -307, 259
-1089, -328, 254
-1022, -410, 200
-948, -532, 121
-979, -599, 135
-1096, -618, 192
-1084, -556, 177
-963, -564, 105
-,-,-
-1026, 85, 141
-1066, 133, 164
-1012, 196, 155
-1012, 196, 155
-952, 298, 126
-979, 441, 170
-1031, 611, 249
-1033, 781, 297
-943, 867, 279
-899, 781, 287
-863, 636, 274
-907, 510, 313
-907, 510, 313
-933, 470, 301
-860, 432, 210
-782, 386, 132
-907, 243, 209
-1098, 34, 315
-1030, -95, 229
-956, -210, 137
-942, -276, 113
-942, -276, 113
-896, -313, 107
-1051, -398, 182
-1045, -368, 190
-912, -484, 120
-869, -620, 81
-959, -673, 130
-1106, -691, 210
-1168, -686, 250
-1247, -690, 294
-,-,-
-983, 112, 87
-983, 112, 87
-988, 155, 111
-1030, 199, 167
-981, 223, 140
-922, 287, 105
-919, 490, 143
-1033, 646, 279
-965, 686, 245
-965, 686, 245
-823, 649, 157
-805, 532, 147
-943, 360, 235
-1257, 230, 408
-1248, 166, 367
-1114, 108, 261
-1019, 115, 184
-1065, 228, 229
-1065, 228, 229
-1078, 246, 270
-1032, 136, 244
-841, 71, 137
-765, 46, 95
-795, 20, 127
-880, -36, 168
-851, -10, 168
-851, -10, 168
-866, -89, 200
-877, -302, 187
-1022, -460, 261
-1116, -553, 288
-1168, -580, 295
-,-,-
-942, 174, 108
-915, 204, 116
-966, 262, 171
-983, 345, 217
-983, 345, 217
-960, 439, 229
-967, 560, 268
-954, 627, 279
-948, 580, 273
-1000, 447, 291
-1075, 398, 317
-1074, 410, 336
-1006, 339, 317
-1006, 339, 317
-859, 266, 229
-863, 219, 206
-1018, 203, 295
-1068, 79, 311
-951, -3, 230
-912, -73, 199
-992, -361, 213
-915, -397, 143
-915, -397, 143
-958, -417, 156
-1010, -435, 171
-1068, -465, 182
-1035, -421, 154
-994, -398, 124
-1033, -467, 139
-1077, -463, 163
-1072, -383, 144
-,-,-
-977, 201, 121
-1045, 154, 174
-1074, 147, 221
-974, 124, 164
-967, 112, 151
-1022, 168, 201
-1028, 277, 215
-1042, 440, 245
-1002, 618, 256
-954, 696, 249
-954, 696, 249
-892, 827, 233
-836, 867, 213
-818, 856, 212
-728, 813, 177
-744, 668, 187
-849, 509, 222
-892, 435, 226
-892, 435, 226
-851, 305, 190
-829, 93, 145
-902, 29, 177
-989, 93, 234
-1030, -53, 279
-1030, -53, 185
-968, -396, 185
-1023, -481, 166
-1178, -459, 223
-1189, -479, 198
-1194, -521, 205
-1278, -683, 233
-1279, -725, 217
-,-,-
-1037, 62, 111
-1070, 8, 200
-1049, 5, 144
-1034, 73, 125
-1034, 73, 125
-1078, 151, 186
-1004, 205, 153
-933, 305, 126
-949, 436, 164
-965, 609, 199
-913, 734, 188
-846, 809, 155
-846, 809, 155
-851, 827, 173
-897, 776, 223
-940, 660, 261
-919, 641, 253
-917, 491, 256
-940, 265, 280
-934, 13, 283
-934, 13, 283
-907, -87, 257
-905, -44, 212
-967, -47, 226
-1023, -200, 261
-924, -312, 201
-876, -347, 161
-990, -395, 201
-1181, -459, 300
-1181, -483, 279
-1181, -483, 137
-,-,-
-970, 287, 200
-881, 299, 179
-924, 307, 208
-921, 310, 235
-975, 361, 304
-1017, 424, 368
-1017, 424, 368
-988, 527, 367
-933, 611, 339
-967, 704, 368
-992, 708, 385
-949, 753, 355
-866, 783, 323
-841, 759, 313
-858, 664, 308
-858, 664, 308
-876, 574, 313
-780, 469, 262
-632, 325, 187
-674, 117, 181
-972, -176, 307
-1076, -293, 332
-1119, -365, 309
-1178, -432, 315
-1237, -554, 344
-1263, -622, 346
-1193, -619, 245
-1228, -633, 239
-1228, -633, 252
-,-,-
-883, 316, 165
-883, 316, 165
-964, 289, 223
-1000, 317, 270
-1013, 381, 283
-1011, 432, 287
-972, 485, 262
-954, 531, 258
-979, 580, 284
-979, 580, 284
-973, 632, 295
-916, 711, 266
-864, 686, 233
-884, 556, 228
-869, 485, 218
-777, 429, 169
-733, 245, 125
-733, 245, 125
-895, 130, 168
-1012, 124, 220
-903, 59, 141
-984, -71, 171
-1114, -167, 248
-1175, -246, 299
-1192, -344, 289
-1253, -399, 300
-1255, -488, 270
-,-,-
-995, 26, 175
-1011, 60, 200
-990, 103, 199
-956, 196, 199
-900, 334, 185
-866, 459, 185
-856, 563, 211
-856, 563, 211
-957, 626, 297
-1159, 610, 457
-1261, 569, 521
-1150, 548, 428
-1040, 527, 343
-969, 486, 283
-1005, 389, 294
-1005, 299, 280
-958, 233, 279
-921, 95, 236
-921, 95, 236
-809, 31, 165
-712, -1, 132
-831, -187, 192
-910, -373, 217
-866, -450, 192
-761, -508, 115
-761, -508, 115
-863, -581, 159
-1043, -656, 265
-1113, -747, 305
-1155, -822, 289
-,-,-
-938, 192, 118
-885, 158, 160
-921, 173, 174
-947, 160, 191
-947, 160, 191
-963, 166, 203
-961, 242, 214
-1002, 318, 243
-1022, 479, 273
-1000, 642, 279
-976, 730, 285
-964, 803, 292
-931, 845, 296
-931, 845, 296
-929, 767, 305
-943, 636, 305
-910, 495, 275
-796, 382, 198
-768, 254, 147
-928, 93, 233
-1048, -34, 288
-1048, -34, 288
-925, -79, 207
-712, -289, 66
-779, -592, 59
-964, -665, 151
-918, -584, 106
-1005, -644, 116
-1037, -654, 119
-1113, -737, 175
-1137, -853, 161
-1182, -890, 154
-,-,-
-1196, 233, 381
-1157, 248, 332
-1076, 399, 337
-1044, 447, 322
-922, 547, 259
-788, 675, 217
-935, 717, 342
-935, 717, 342
-1054, 725, 435
-962, 634, 366
-844, 598, 282
-909, 491, 330
-990, 331, 348
-993, 205, 313
-961, 65, 266
-961, 65, 266
-964, -28, 250
-860, -154, 159
-851, -254, 118
-890, -329, 120
-958, -267, 161
-884, -235, 131
-945, -386, 150
-949, -574, 137
-1032, -663, 164
-1078, -640, 158
-1078, -640, 158
-1155, -560, 198
-,-,-
-975, 322, 180
-957, 222, 172
-1095, 252, 302
-1186, 342, 358
-1199, 410, 375
-1032, 502, 302
-949, 559, 268
-959, 618, 289
-959, 618, 319
-954, 699, 319
-978, 695, 362
-926, 606, 342
-832, 498, 264
-934, 407, 298
-988, 377, 324
-1006, 197, 339
-836, 26, 213
-836, 26, 213
-858, -35, 189
-1075, -97, 290
-963, -137, 209
-809, -215, 102
-781, -262, 90
-1057, -329, 255
-1156, -347, 315
-1017, -475, 193
-953, -577, 114
-1064, -615, 171
-1064, -615, 171
-1117, -579, 212
-,-,-
-970, 427, 191
-970, 427, 191
-966, 458, 199
-972, 567, 240
-937, 610, 242
-887, 665, 242
-924, 748, 286
-951, 832, 326
-951, 832, 326
-853, 889, 286
-742, 907, 234
-832, 790, 291
-1036, 547, 387
-1031, 462, 346
-974, 428, 303
-855, 359, 230
-865, 186, 211
-865, 186, 211
-865, 48, 190
-879, 43, 186
-920, -35, 218
-993, -304, 237
-971, -447, 187
-1000, -441, 176
-970, -398, 155
-1062, -451, 197
-1062, -451, 197
-1072, -463, 187
-1034, -397, 162
-992, -362, 139
-,-,-
-1049, 251, 178
-1032, 305, 190
-1030, 398, 204
-1076, 527, 258
-1131, 620, 314
-1070, 703, 283
-1070, 703, 283
-974, 857, 232
-925, 982, 235
-998, 879, 314
-1127, 653, 381
-1022, 552, 283
-902, 428, 199
-880, 252, 196
-906, 134, 207
-906, 134, 207
-885, 23, 167
-869, -24, 147
-727, -137, 95
-699, -399, 67
-927, -492, 193
-987, -532, 218
-919, -593, 150
-919, -593, 150
-972, -716, 150
-1145, -831, 239
-1168, -877, 233
-,-,-
-965, 177, 157
-939, 178, 160
-913, 286, 181
-913, 286, 181
-948, 431, 263
-1031, 553, 353
-979, 622, 301
-940, 683, 289
-927, 845, 341
-952, 1107, 466
-905, 1392, 518
-839, 1546, 498
-839, 1546, 498
-764, 1446, 465
-726, 1108, 464
-721, 763, 511
-732, 445, 488
-710, -99, 341
-784, -546, 257
-1143, -876, 396
-1215, -921, 358
-1143, -966, 233
-1176, -1033, 152
-1267, -1036, 131
-,-,-
-950, 174, 110
-951, 186, 160
-997, 227, 204
-945, 291, 183
-937, 439, 203
-902, 627, 221
-902, 627, 221
-900, 964, 290
-951, 1176, 378
-912, 1310, 378
-809, 1391, 331
-734, 1282, 294
-604, 914, 210
-628, 817, 210
-946, 730, 392
-946, 730, 392
-980, 440, 373
-866, 26, 278
-851, -234, 261
-923, -388, 286
-965, -510, 261
-1135, -726, 336
-1283, -797, 363
-1381, -820, 353
-1562, -777, 417
-,-,-
-1009, 83, 145
-1059, 180, 206
-1059, 180, 206
-1028, 369, 216
-1037, 624, 258
-1068, 923, 332
-1112, 1122, 446
-1090, 1237, 488
-1022, 1200, 459
-975, 972, 421
-937, 755, 394
-851, 576, 377
-873, 294, 401
-717, -34, 250
-717, -34, 250
-747, -320, 178
-760, -457, 134
-748, -627, 114
-939, -799, 187
-1151, -890, 291
-1288, -1060, 247
-1420, -1004, 241
-1437, -885, 221
-,-,-
-1107, 102, 203
-1087, 123, 205
-1041, 151, 171
-978, 228, 143
-1009, 326, 190
-1043, 497, 273
-1031, 658, 303
-988, 800, 295
-988, 800, 295
-990, 880, 319
-929, 909, 275
-898, 986, 286
-953, 939, 359
-915, 715, 336
-898, 527, 338
-868, 377, 332
-868, 377, 332
-752, 102, 229
-748, -157, 191
-868, -317, 236
-964, -425, 268
-994, -557, 238
-992, -699, 193
-1056, -864, 178
-1207, -931, 244
-1338, -855, 309
-1326, -792, 313
-,-,-
-1055, 93, 178
-1036, 116, 196
-1034, 124, 217
-962, 137, 168
-961, 136, 141
-972, 118, 139
-972, 118, 139
-997, 174, 156
-1076, 351, 233
-1089, 608, 275
-1033, 748, 247
-1004, 838, 242
-1038, 910, 290
-1020, 921, 292
-964, 803, 264
-902, 712, 252
-902, 712, 252
-870, 637, 258
-793, 454, 206
-823, 267, 212
-950, 116, 282
-967, -62, 237
-1145, -278, 305
-1092, -361, 227
-1002, -362, 165
-935, -493, 140
-1007, -578, 149
-1007, -578, 149
-1139, -517, 186
-1219, -470, 203
-1223, -511, 201
-,-,-
-965, 108, 79
-883, 134, 57
-1021, 146, 165
-1041, 205, 207
-998, 283, 198
-998, 283, 198
-998, 443, 218
-1061, 724, 298
-1097, 987, 394
-1080, 1097, 426
-990, 1203, 397
-880, 1179, 356
-770, 968, 321
-766, 761, 353
-831, 513, 387
-831, 513, 387
-897, 198, 376
-894, 16, 308
-901, -202, 246
-986, -399, 250
-1181, -482, 361
-1211, -537, 369
-1117, -776, 240
-1107, -807, 192
-1132, -678, 171
-,-,-
-930, 299, 53
-898, 360, 115
-942, 587, 224
-1028, 870, 319
-1061, 1115, 322
-1195, 1088, 386
-1301, 1028, 447
-1301, 1028, 447
-1306, 1031, 511
-1190, 866, 481
-849, 648, 275
-657, 418, 180
-590, 166, 182
-570, -96, 175
-587, -274, 181
-563, -435, 139
-942, -806, 331
-1287, -1036, 512
-1299, -951, 442
-1316, -800, 398
-1522, -960, 448
-,-,-
-1014, 114, 153
-997, 103, 122
-1019, 121, 137
-1009, 137, 154
-1009, 151, 170
-966, 214, 154
-962, 338, 159
-1022, 520, 218
-1000, 729, 220
-967, 918, 204
-967, 918, 204
-961, 1053, 190
-869, 1116, 144
-786, 1107, 147
-833, 1018, 247
-908, 824, 343
-961, 596, 404
-902, 328, 361
-1147, -84, 525
-1209, -333, 559
-989, -430, 419
-989, -430, 419
-863, -594, 284
-856, -714, 229
-893, -766, 258
-1044, -754, 360
-1011, -756, 334
-1022, -802, 294
-1083, -759, 302
-,-,-
-910, 99, 140
-910, 99, 140
-1065, 159, 239
-1057, 175, 249
-1028, 221, 244
-993, 287, 226
-1028, 343, 243
-1002, 523, 256
-1038, 731, 325
-1031, 883, 336
-958, 1048, 302
-919, 1129, 307
-919, 1129, 307
-880, 1082, 317
-806, 981, 311
-751, 792, 256
-910, 514, 304
-1054, 363, 379
-916, 247, 333
-678, -55, 138
-926, -431, 252
-1114, -604, 352
-1114, -604, 352
-998, -631, 260
-987, -837, 218
-1127, -992, 268
-1311, -964, 339
-1348, -823, 327
-,-,-
-1028, 87, 110
-970, 89, 90
-939, 57, 70
-945, 114, 115
-945, 120, 140
-932, 126, 143
-932, 126, 143
-957, 193, 172
-957, 285, 187
-956, 426, 217
-939, 584, 241
-921, 748, 242
-906, 938, 248
-915, 1059, 282
-915, 1059, 282
-907, 1108, 302
-864, 1072, 293
-924, 913, 340
-884, 769, 323
-962, 598, 363
-1180, 291, 507
-1064, 49, 409
-964, -181, 342
-853, -379, 268
-853, -379, 268
-794, -641, 212
-880, -806, 241
-970, -845, 270
-1005, -938, 259
-1068, -961, 258
-1173, -880, 277
-1255, -734, 302
-,-,-
-875, 63, 93
-875, 63, 93
-912, 101, 121
-935, 143, 139
-967, 141, 142
-1019, 202, 188
-1048, 257, 223
-991, 336, 200
-937, 491, 171
-937, 491, 171
-961, 703, 213
-991, 902, 282
-922, 1036, 266
-869, 1142, 254
-907, 1128, 314
-795, 964, 273
-716, 756, 270
-765, 613, 322
-765, 613, 322
-755, 461, 295
-851, 330, 374
-993, 118, 465
-1031, -186, 429
-999, -341, 391
-1107, -532, 412
-1195, -619, 458
-1290, -684, 496
-1312, -659, 444
-1441, -747, 467
-1314, -710, 352
-1142, -564, 253
-,-,-
-897, 128, 105
-897, 128, 105
-900, 129, 102
-973, 89, 132
-1037, 77, 177
-1035, 127, 186
-1016, 206, 186
-990, 310, 187
-1006, 457, 215
-985, 720, 244
-985, 720, 244
-1017, 936, 290
-1000, 1067, 308
-935, 1103, 303
-925, 1127, 333
-1024, 1069, 395
-1086, 916, 399
-1020, 721, 363
-860, 463, 299
-807, 117, 262
-857, -100, 284
-812, -282, 230
-812, -282, 230
-695, -448, 139
-691, -743, 118
-873, -910, 206
-1023, -835, 264
-1091, -780, 285
-1275, -924, 326
-1394, -945, 339
-,-,-
-850, 170, 58
-896, 156, 61
-896, 156, 61
-950, 185, 113
-970, 290, 182
-939, 420, 215
-837, 635, 221
-769, 1116, 300
-931, 1591, 498
-965, 1790, 571
-965, 1790, 571
-797, 1816, 491
-654, 1546, 411
-531, 1222, 350
-616, 856, 383
-719, 402, 372
-770, 56, 301
-758, -55, 244
-731, -331, 189
-731, -331, 189
-945, -666, 262
-1260, -782, 389
-1224, -710, 357
-1210, -818, 307
-1238, -888, 297
-1338, -928, 328
-,-,-
-848, 219, 57
-781, 274, 40
-824, 322, 80
-824, 322, 80
-1014, 424, 234
-1127, 629, 343
-1064, 981, 312
-1036, 1207, 273
-976, 1478, 221
-872, 1757, 193
-796, 1700, 206
-711, 1424, 234
-696, 1074, 289
-529, 694, 256
-529, 694, 256
-586, 226, 309
-601, -123, 317
-557, -444, 321
-647, -902, 354
-951, -1227, 432
-1356, -1304, 505
-1688, -1231, 596
-1651, -1259, 552
-1181, -1426, 286
-1012, -1326, 158
-974, -888, 142
-,-,-
-998, 217, 136
-1018, 182, 130
-1138, 260, 222
-1057, 310, 189
-941, 449, 151
-1030, 602, 213
-1111, 853, 305
-1114, 977, 331
-1114, 977, 331
-1036, 1040, 294
-1054, 1133, 299
-992, 1211, 288
-833, 1209, 234
-790, 1008, 236
-815, 718, 280
-746, 405, 255
-664, -21, 201
-656, -363, 176
-880, -561, 247
-1061, -772, 329
-992, -1190, 276
-999, -1423, 208
-1117, -1357, 219
-1154, -1239, 206
-1201, -1170, 236
-,-,-
-1143, 177, 179
-1084, 222, 167
-998, 248, 129
-946, 268, 114
-946, 268, 114
-958, 340, 166
-963, 432, 217
-969, 615, 261
-935, 799, 262
-907, 927, 263
-837, 1004, 220
-729, 995, 155
-729, 995, 155
-713, 915, 155
-947, 802, 293
-1253, 647, 447
-1167, 562, 367
-835, 409, 165
-860, 145, 165
-1097, -101, 274
-1066, -191, 228
-947, -277, 179
-947, -277, 179
-767, -412, 63
-710, -521, -2
-845, -669, 38
-1112, -886, 155
-1247, -914, 228
-1191, -860, 183
-,-,-
-1000, 94, 14
-1004, 64, 28
-1051, 61, 77
-1014, 85, 81
-1041, 138, 108
-1005, 222, 93
-1005, 222, 93
-984, 331, 98
-955, 484, 103
-966, 652, 117
-1055, 750, 167
-1060, 812, 176
-964, 834, 122
-857, 781, 71
-857, 781, 71
-859, 705, 99
-1024, 613, 147
-1182, 465, 230
-1165, 308, 219
-1065, 182, 167
-800, 100, 40
-705, -59, 10
-705, -59, 10
-981, -203, 183
-1121, -359, 226
-877, -455, 74
-812, -472, 50
-997, -489, 142
-1172, -530, 216
-1229, -612, 219
-1186, -702, 152
-,-,-
-1052, 136, 101
-1018, 46, 57
-1012, 42, 61
-1082, -6, 142
-1087, 56, 163
-1087, 56, 163
-1044, 175, 158
-964, 300, 132
-909, 480, 148
-967, 721, 255
-940, 963, 307
-845, 1113, 263
-1026, 1073, 344
-1261, 876, 520
-1179, 635, 435
-1179, 635, 435
-1298, 308, 463
-1142, 147, 338
-1062, 20, 304
-1006, 1, 293
-881, -29, 224
-816, -157, 153
-872, -203, 201
-803, -294, 175
-769, -431, 122
-883, -583, 154
-883, -583, 154
-,-,-
-989, 186, 89
-978, 188, 124
-972, 314, 137
-1015, 402, 199
-1050, 526, 252
-1042, 670, 264
-1073, 787, 300
-1056, 861, 301
-1093, 926, 339
-1077, 896, 337
-986, 701, 268
-986, 701, 268
-895, 449, 213
-1045, 181, 294
-1116, -9, 304
-1008, -182, 212
-933, -269, 153
-979, -271, 186
-958, -285, 216
-922, -405, 226
-914, -468, 261
-875, -559, 245
-875, -559, 245
-995, -675, 276
-,-,-
-977, 265, 96
-945, 373, 59
-945, 373, 59
-968, 520, 116
-1002, 635, 162
-947, 712, 132
-935, 730, 119
-903, 740, 112
-1018, 699, 178
-1185, 563, 267
-1185, 563, 267
-1175, 455, 228
-1015, 410, 113
-860, 383, 52
-902, 123, 87
-978, 26, 128
-943, 49, 120
-829, -69, 76
-829, -69, 76
-676, -307, -5
-778, -392, 74
-980, -344, 213
-982, -441, 236
-954, -752, 176
-1119, -870, 229
-1270, -785, 315
-1206, -751, 256
-,-,-
-1038, 183, 133
-1027, 112, 160
-1007, 116, 128
-1026, 116, 167
-1038, 177, 200
-1024, 306, 199
-1001, 441, 202
-1001, 441, 202
-937, 577, 172
-924, 740, 180
-974, 822, 252
-984, 854, 278
-917, 852, 248
-864, 757, 209
-913, 650, 199
-913, 650, 199
-1235, 477, 387
-1315, 312, 439
-1095, 186, 301
-817, 94, 134
-742, -126, 54
-942, -341, 148
-974, -353, 163
-848, -270, 113
-618, -276, 39
-618, -276, 39
-639, -529, 63
-962, -734, 241
-1139, -722, 324
-1220, -654, 351
-1245, -573, 362
-,-,-
-1055, 243, 170
-958, 211, 100
-1028, 269, 157
-1068, 360, 179
-1077, 447, 207
-1053, 518, 208
-961, 605, 157
-961, 605, 157
-918, 655, 147
-881, 665, 154
-845, 635, 144
-935, 607, 189
-1177, 477, 333
-1122, 386, 277
-921, 358, 164
-784, 330, 96
-784, 330, 96
-858, 246, 148
-995, 52, 222
-1021, -59, 228
-928, -82, 196
-939, -354, 190
-1130, -656, 257
-1083, -722, 206
-945, -613, 125
-945, -613, 125
-1002, -604, 138
-,-,-
-1009, 112, 115
-1019, 122, 106
-1040, 124, 150
-1032, 182, 170
-1032, 182, 170
-963, 276, 144
-924, 418, 151
-926, 575, 197
-889, 726, 226
-834, 825, 234
-862, 868, 269
-910, 859, 298
-910, 859, 298
-924, 855, 300
-976, 765, 321
-944, 637, 280
-916, 509, 227
-966, 380, 226
-920, 280, 168
-964, 106, 179
-964, 106, 179
-1026, -4, 193
-995, -24, 138
-983, -111, 108
-986, -320, 95
-1129, -515, 159
-1112, -475, 122
-1051, -365, 114
-1042, -442, 123
-1007, -455, 90
-1041, -390, 115
-1057, -375, 142
-1001, -396, 107
-,-,-
-1050, 6, 13
-1087, 11, 64
-1087, 11, 64
-1088, 96, 55
-1051, 153, 28
-1044, 267, 26
-1085, 383, 46
-1068, 619, 32
-1078, 809, 63
-1078, 809, 63
-1047, 778, 68
-938, 779, 17
-1024, 716, 82
-1162, 524, 166
-1095, 355, 134
-935, 225, 59
-819, 96, -4
-819, 96, -4
-799, -1, 18
-805, -73, 44
-912, -161, 119
-1001, -319, 149
-967, -419, 105
-967, -419, 105
-860, -468, 32
-854, -510, 34
-1045, -620, 137
-1120, -641, 158
-1068, -559, 120
-1026, -468, 96
-1007, -443, 78
-1104, -487, 125
-1110, -448, 134
-,-,-
-953, 187, 31
-953, 187, 31
-1021, 184, 62
-1059, 187, 93
-1038, 181, 75
-996, 199, 53
-1017, 306, 84
-1052, 461, 120
-1052, 461, 120
-1064, 540, 126
-999, 587, 96
-914, 624, 49
-1007, 581, 104
-1039, 636, 147
-1000, 645, 151
-883, 550, 72
-901, 354, 51
-901, 354, 51
-994, 160, 103
-1048, 51, 166
-966, -19, 152
-887, -166, 89
-745, -159, -18
-882, -222, 48
-882, -222, 48
-1103, -264, 203
-1051, -241, 186
-887, -309, 73
-857, -330, 55
-1026, -361, 164
-1159, -378, 239
-1098, -328, 185
-1044, -271, 157
-997, -286, 138
-982, -336, 134
-1044, -438, 177
-,-,-
-1009, 231, 133
-1009, 231, 133
-1034, 215, 125
-1023, 258, 114
-1048, 326, 137
-1056, 400, 141
-1031, 500, 126
-1027, 592, 130
-1011, 627, 119
-1009, 646, 124
-959, 696, 113
-870, 716, 71
-870, 716, 71
-866, 649, 72
-869, 496, 60
-909, 343, 83
-922, 172, 98
-1042, -17, 152
-1042, -17, 154
-1068, -93, 154
-952, -140, 101
-833, -168, 46
-887, -193, 95
-968, -260, 185
-929, -460, 143
-899, -627, 87
-856, -690, 46
-879, -740, 67
-,-,-
-1006, 186, 17
-925, 241, -25
-1071, 247, 63
-1112, 208, 95
-1062, 229, 48
-1062, 229, 48
-1047, 303, 10
-1039, 461, 11
-1015, 615, 21
-970, 745, 4
-1100, 712, 87
-1230, 509, 169
-1279, 295, 244
-1279, 295, 244
-1196, 141, 244
-928, 33, 122
-834, -187, 64
-950, -459, 132
-968, -532, 141
-892, -447, 98
-777, -491, 53
-785, -695, 56
-,-,-
-990, 185, 76
-990, 185, 76
-1036, 160, 99
-1042, 122, 93
-1022, 120, 80
-1008, 178, 94
-990, 362, 95
-990, 362, 95
-1035, 663, 153
-1087, 943, 213
-989, 1093, 167
-899, 1053, 119
-905, 934, 120
-991, 774, 160
-1047, 536, 194
-1025, 342, 182
-1032, 260, 204
-1066, 127, 238
-1066, 127, 238
-1023, -8, 216
-967, -112, 196
-829, -252, 133
-882, -551, 147
-1056, -748, 187
-979, -692, 123
-798, -555, 42
-693, -633, 36
-,-,-
-922, 233, 50
-977, 278, 138
-958, 338, 126
-955, 438, 145
-963, 490, 167
-995, 458, 215
-995, 458, 215
-967, 534, 213
-978, 844, 275
-946, 1097, 320
-769, 1304, 266
-666, 1420, 256
-630, 1394, 260
-652, 1209, 364
-675, 870, 406
-675, 870, 406
-737, 503, 407
-808, 125, 400
-843, -308, 324
-1130, -521, 523
-1275, -668, 560
-1258, -740, 479
-1101, -896, 270
-1112, -1061, 193
-1259, -973, 303
-,-,-
-940, 425, 180
-1058, 584, 282
-1058, 584, 282
-1039, 661, 352
-1064, 660, 399
-1128, 728, 478
-1134, 853, 520
-1060, 879, 442
-920, 944, 336
-826, 932, 316
-921, 738, 402
-886, 576, 334
-886, 576, 334
-703, 393, 208
-608, 117, 126
-708, -74, 192
-771, -145, 287
-818, -497, 277
-1113, -823, 393
-1099, -935, 329
-1193, -1159, 304
-1392, -1094, 382
-1475, -842, 401
-,-,-
-965, 231, 167
-1060, 212, 289
-1114, 228, 290
-1056, 282, 242
-991, 569, 237
-1003, 952, 326
-1010, 1234, 384
-919, 1308, 357
-942, 1141, 416
-858, 960, 367
-858, 960, 367
-890, 791, 372
-878, 562, 365
-863, 302, 329
-932, 110, 342
-942, -90, 310
-943, -340, 268
-955, -406, 262
-955, -406, 262
-950, -420, 242
-1013, -576, 262
-1010, -688, 233
-1098, -725, 260
-1285, -752, 333
-1247, -730, 257
-1229, -616, 214
-,-,-
-1037, 178, 114
-1032, 111, 155
-1145, 93, 210
-1116, 119, 174
-1116, 119, 174
-1054, 193, 147
-1016, 414, 162
-985, 863, 199
-992, 1210, 251
-925, 1372, 253
-911, 1291, 261
-818, 1141, 240
-766, 917, 204
-769, 668, 230
-834, 396, 285
-834, 396, 285
-847, 118, 274
-831, -82, 237
-672, -354, 101
-850, -590, 141
-1158, -585, 244
-1166, -618, 199
-1025, -696, 110
-1141, -862, 135
-1424, -817, 224
-1603, -620, 277
-1641, -606, 282
-1441, -655, 183
-,-,-
-1033, 236, 111
-1033, 236, 111
-1037, 277, 125
-956, 345, 112
-907, 386, 140
-913, 530, 178
-1025, 781, 267
-1040, 930, 296
-944, 1051, 269
-912, 1061, 282
-908, 964, 316
-908, 964, 316
-964, 744, 368
-1148, 573, 464
-1052, 401, 377
-891, 157, 240
-868, -60, 208
-1027, -158, 313
-921, -229, 241
-860, -407, 180
-933, -547, 183
-933, -547, 183
-1018, -636, 207
-1163, -686, 258
-1207, -685, 263
-1212, -711, 226
-1217, -753, 185
-1245, -695, 172
-1296, -624, 217
-,-,-
-801, 324, -16
-802, 432, 43
-1030, 642, 225
-1185, 876, 334
-1159, 988, 351
-1025, 1020, 320
-1023, 963, 347
-1121, 881, 444
-1156, 753, 467
-1225, 505, 501
-1225, 505, 501
-1266, 140, 522
-1141, -73, 446
-983, -177, 305
-939, -252, 260
-913, -339, 242
-850, -378, 184
-845, -395, 168
-643, -462, 47
-572, -549, 9
-828, -505, 137
-828, -505, 137
-978, -445, 195
-871, -491, 136
-1021, -650, 216
-1187, -777, 271
-1318, -849, 289
-,-,-
-1015, 332, 142
-1106, 358, 211
-1149, 300, 278
-1146, 259, 276
-995, 359, 187
-1127, 416, 281
-1166, 511, 332
-1177, 654, 366
-1062, 814, 308
-909, 864, 222
-909, 864, 222
-817, 776, 193
-782, 716, 206
-796, 582, 236
-913, 389, 340
-1037, 281, 416
-1078, 249, 407
-950, 277, 289
-792, 85, 168
-792, 85, 168
-1070, -160, 323
-1329, -157, 449
-1165, -30, 316
-834, -134, 150
-742, -300, 90
-876, -375, 147
-1122, -499, 281
-1024, -610, 209
-1018, -742, 167
-1067, -848, 150
-1155, -870, 162
-1217, -862, 182
-1241, -804, 206
-,-,-
-858, 132, -18
-915, 142, -16
-1019, 239, 119
-977, 246, 115
-946, 253, 121
-1036, 328, 207
-1036, 328, 207
-1146, 400, 290
-1131, 503, 302
-1022, 569, 233
-980, 710, 218
-1041, 778, 261
-1028, 769, 268
-982, 706, 259
-1007, 581, 295
-1040, 378, 302
-1178, 177, 378
-1178, 177, 378
-1239, 106, 390
-1098, 96, 310
-896, 6, 183
-943, -119, 201
-1062, -256, 264
-1044, -242, 243
-898, -188, 165
-741, -262, 120
-892, -507, 191
-967, -574, 189
-931, -538, 136
-931, -538, 136
-919, -589, 123
-928, -649, 131
-990, -698, 154
-1022, -731, 159
-1028, -682, 139
-,-,-
-865, 88, -47
-859, 60, -6
-859, 60, -6
-866, 58, 3
-884, 80, 53
-891, 57, 89
-891, 57, 89
-849, 33, 90
-855, 117, 128
-918, 395, 175
-1032, 852, 249
-1186, 1083, 321
-1163, 1130, 286
-1069, 1115, 248
-1025, 995, 268
-1025, 995, 347
-1076, 837, 347
-1136, 504, 416
-1280, 231, 472
-1350, 105, 498
-1067, 12, 332
-904, -162, 229
-962, -264, 267
-1023, -292, 302
-831, -352, 177
-725, -438, 104
-745, -557, 128
-879, -635, 211
-945, -629, 207
-945, -629, 207
-953, -559, 175
-973, -617, 187
-1093, -660, 237
-1201, -638, 274
-1275, -605, 295
-1241, -597, 253
-,-,-
-960, 116, -31
-1009, 108, 24
-1012, 159, 30
-970, 159, 21
-970, 162, 21
-963, 211, 60
-955, 406, 99
-995, 663, 157
-1046, 825, 198
-924, 900, 116
-924, 900, 116
-763, 971, 48
-810, 932, 114
-908, 870, 199
-940, 742, 228
-931, 590, 213
-1007, 398, 230
-1105, 250, 264
-1105, 250, 264
-1139, 129, 265
-1026, -120, 181
-921, -365, 102
-935, -359, 107
-1034, -368, 169
-918, -414, 109
-836, -663, 61
-898, -777, 31
-1125, -755, 111
-1382, -685, 216
-1261, -556, 141
-1199, -730, 92
-1265, -835, 95
-1286, -738, 107
-,-,-
-940, 289, 72
-1054, 377, 174
-1113, 473, 236
-1087, 606, 247
-1087, 606, 247
-1054, 640, 238
-1145, 658, 287
-1099, 824, 293
-954, 899, 227
-856, 803, 172
-868, 573, 161
-1016, 403, 262
-1127, 305, 327
-911, 245, 205
-911, 245, 205
-828, 42, 160
-934, -137, 191
-1073, -133, 232
-935, -124, 181
-872, -397, 153
-996, -565, 196
-1047, -564, 198
-1004, -640, 166
-1063, -708, 173
-1132, -670, 162
-1074, -617, 105
-1008, -639, 71
-1056, -622, 84
-,-,-
-882, 186, -8
-938, 202, 64
-1052, 223, 161
-1052, 223, 161
-1123, 199, 239
-1018, 252, 198
-1011, 320, 196
-1046, 478, 231
-1091, 617, 280
-1056, 740, 276
-894, 885, 206
-785, 864, 173
-779, 791, 199
-980, 663, 330
-980, 663, 330
-1038, 555, 367
-945, 431, 298
-950, 187, 270
-1009, 34, 274
-1090, -11, 311
-1156, -43, 299
-1176, -139, 297
-1013, -194, 217
-938, -291, 149
-1027, -368, 199
-1013, -301, 188
-1013, -301, 188
-903, -421, 172
-866, -561, 127
-975, -527, 149
-1213, -465, 257
-1270, -470, 283
-1112, -709, 187
-,-,-
-930, 131, 118
-930, 131, 118
-960, 179, 103
-961, 213, 140
-1001, 161, 173
-1022, 106, 201
-1000, 163, 196
-1007, 301, 204
-1042, 525, 242
-1018, 777, 275
-1030, 963, 319
-1030, 963, 319
-1059, 1045, 363
-1159, 968, 437
-1150, 825, 447
-1089, 636, 393
-1056, 422, 434
-939, 84, 374
-875, -89, 330
-923, -246, 331
-790, -453, 236
-756, -578, 223
-811, -692, 221
-811, -692, 221
-879, -722, 222
-836, -849, 181
-960, -1056, 207
-1104, -1060, 224
-1113, -982, 211
-1091, -981, 167
-,-,-
-947, 206, 102
-944, 187, 100
-944, 187, 100
-936, 245, 118
-904, 383, 124
-939, 606, 190
-1047, 757, 288
-978, 836, 285
-831, 911, 236
-860, 900, 284
-860, 900, 284
-996, 792, 375
-1064, 728, 414
-1108, 577, 431
-1214, 307, 468
-1124, 73, 377
-917, -16, 255
-936, -74, 280
-1000, -158, 294
-872, -134, 206
-872, -134, 206
-833, -223, 196
-751, -413, 164
-754, -554, 163
-821, -649, 152
-979, -639, 210
-1167, -787, 271
-1326, -960, 285
-1365, -977, 263
-1357, -1024, 231
-,-,-
-1040, 202, 167
-936, 242, 89
-969, 230, 117
-1056, 244, 160
-1041, 273, 178
-978, 273, 187
-978, 273, 187
-931, 345, 190
-953, 505, 234
-1002, 683, 282
-1030, 865, 301
-974, 965, 255
-969, 979, 251
-959, 969, 249
-968, 854, 279
-968, 854, 279
-951, 606, 301
-965, 372, 297
-914, 296, 259
-814, 195, 198
-897, 22, 246
-1231, -146, 405
-1042, -135, 314
-813, -452, 194
-813, -452, 194
-821, -662, 171
-1123, -576, 269
-1241, -415, 300
-994, -494, 194
-1016, -718, 169
-1124, -689, 173
-1222, -539, 219
-,-,-
-889, 142, 39
-889, 142, 39
-997, 166, 59
-1051, 186, 105
-1047, 172, 116
-1009, 149, 116
-977, 150, 107
-936, 271, 103
-936, 271, 103
-951, 447, 135
-996, 626, 172
-1005, 763, 191
-942, 882, 176
-850, 934, 145
-812, 881, 149
-757, 791, 128
-757, 791, 128
-738, 707, 120
-924, 528, 235
-1072, 380, 318
-993, 311, 270
-937, 189, 210
-973, 139, 186
-986, 101, 186
-986, 101, 186
-968, 20, 185
-1067, -110, 254
-988, -206, 199
-913, -241, 150
-859, -243, 134
-912, -316, 181
-1019, -381, 234
-1066, -402, 245
-1035, -422, 210
-1075, -451, 218
-1104, -408, 217
-1174, -396, 268
-1177, -491, 278
-,-,-
-988, 317, 243
-1001, 347, 230
-1115, 400, 280
-1051, 406, 235
-990, 370, 206
-1061, 409, 264
-1122, 551, 308
-1122, 551, 298
-1112, 744, 298
-1062, 872, 274
-946, 970, 222
-868, 950, 201
-814, 818, 194
-761, 689, 180
-757, 424, 195
-925, 49, 300
-925, 49, 300
-972, -137, 289
-764, -186, 136
-631, -294, 43
-855, -532, 215
-1121, -716, 363
-1084, -722, 309
-923, -828, 164
-935, -903, 133
-1094, -869, 212
-,-,-
-926, 383, 264
-1042, 436, 357
-942, 507, 308
-942, 507, 308
-893, 585, 292
-919, 720, 335
-992, 902, 409
-1012, 1096, 443
-950, 1180, 419
-852, 1124, 368
-697, 948, 300
-637, 781, 287
-637, 781, 287
-839, 479, 358
-889, 288, 352
-912, -11, 349
-946, -243, 327
-1071, -532, 338
-1029, -592, 289
-1016, -639, 263
-1019, -558, 220
-1098, -444, 254
-992, -420, 193
-851, -487, 164
-958, -556, 230
-1104, -574, 288
-1102, -534, 284
-1102, -534, 284
-,-,-
-1049, 488, 205
-1038, 563, 256
-1048, 650, 292
-1113, 587, 302
-1032, 758, 257
-1032, 758, 257
-1002, 951, 261
-996, 1058, 296
-990, 1106, 334
-936, 1059, 329
-829, 917, 253
-757, 803, 198
-843, 730, 229
-958, 621, 283
-895, 432, 265
-895, 432, 265
-882, 137, 256
-1000, -81, 309
-938, -182, 272
-919, -307, 235
-1035, -310, 303
-1042, -234, 337
-838, -307, 237
-746, -492, 182
-892, -662, 251
-1135, -738, 327
-1142, -647, 292
-,-,-
-1004, 364, 86
-1046, 281, 121
-1152, 282, 192
-1081, 384, 200
-1034, 464, 217
-979, 625, 221
-914, 797, 212
-872, 916, 203
-807, 958, 197
-807, 958, 197
-865, 913, 237
-997, 815, 317
-963, 701, 318
-885, 491, 304
-862, 196, 298
-965, 34, 333
-965, 34, 333
-927, -116, 307
-836, -280, 260
-791, -333, 221
-837, -415, 225
-937, -486, 304
-864, -682, 276
-841, -825, 250
-927, -944, 247
-1161, -1006, 351
-,-,-
-1097, 238, 181
-1084, 202, 156
-962, 162, 108
-962, 162, 108
-869, 155, 53
-865, 231, 80
-871, 377, 125
-905, 557, 195
-894, 899, 232
-934, 1140, 287
-934, 1140, 287
-984, 1176, 337
-1041, 1103, 370
-1012, 997, 346
-996, 752, 341
-1023, 544, 372
-1058, 362, 369
-1028, 277, 360
-715, 31, 207
-697, -270, 189
-1110, -370, 398
-1081, -332, 427
-586, -708, 174
-586, -708, 174
-644, -1004, 112
-940, -898, 226
-1168, -693, 333
-979, -610, 272
-720, -912, 117
-,-,-
-1058, 321, 238
-1061, 345, 222
-996, 391, 209
-996, 391, 209
-935, 567, 189
-980, 813, 260
-1005, 905, 296
-865, 941, 232
-831, 1020, 219
-883, 996, 249
-862, 795, 233
-862, 795, 215
-855, 643, 215
-822, 499, 216
-784, 277, 220
-820, 102, 222
-935, -52, 240
-816, -215, 178
-846, -411, 204
-1069, -532, 290
-1128, -504, 290
-1079, -740, 284
-1024, -896, 229
-1024, -896, 229
-1298, -917, 323
-,-,-
-900, 36, 16
-900, 36, 16
-961, 98, 57
-952, 100, 80
-1016, 93, 124
-1016, 93, 124
-969, 111, 102
-903, 205, 88
-927, 360, 125
-983, 601, 206
-1058, 1048, 286
-1102, 1458, 332
-1110, 1654, 348
-1002, 1653, 322
-967, 1478, 372
-875, 1159, 388
-761, 790, 390
-761, 790, 390
-718, 360, 385
-746, 23, 371
-647, -411, 277
-673, -693, 242
-793, -743, 269
-758, -755, 246
-905, -1199, 314
-1395, -1586, 472
-1579, -1385, 435
-1570, -1117, 379
-,-,-
-947, 215, 109
-933, 238, 126
-962, 300, 168
-936, 399, 172
-968, 495, 219
-1083, 697, 325
-1083, 697, 325
-1168, 972, 391
-1155, 1089, 388
-1090, 1074, 346
-986, 997, 322
-952, 854, 356
-1035, 649, 434
-921, 381, 388
-790, 56, 321
-818, -250, 318
-811, -416, 281
-811, -416, 281
-790, -552, 229
-793, -697, 185
-860, -818, 173
-1019, -974, 234
-1042, -982, 222
-1117, -965, 219
-1166, -880, 231
-1053, -878, 156
-,-,-
-981, 392, 153
-998, 471, 153
-998, 471, 153
-932, 671, 162
-1041, 847, 262
-1107, 937, 306
-1019, 1045, 265
-978, 1066, 267
-992, 983, 291
-901, 832, 253
-882, 544, 240
-905, 278, 240
-905, 278, 240
-871, 125, 227
-840, -45, 217
-704, -398, 134
-698, -805, 98
-933, -943, 151
-1158, -849, 194
-1317, -669, 208
-1245, -582, 167
-1131, -814, 131
-,-,-
-905, 218, 10
-893, 252, 19
-893, 252, 19
-994, 335, 135
-1053, 518, 201
-981, 788, 222
-887, 1073, 218
-887, 1216, 239
-796, 1286, 233
-792, 1335, 266
-889, 1108, 362
-889, 1108, 362
-893, 751, 372
-828, 419, 314
-859, 134, 314
-920, -177, 291
-1089, -312, 317
-1017, -389, 242
-915, -510, 156
-1001, -588, 208
-1101, -738, 250
-1179, -716, 265
-1188, -760, 248
-1163, -776, 229
-1193, -822, 242
-1275, -878, 273
-1214, -860, 257
-,-,-
-921, 248, 10
-912, 212, 53
-1010, 225, 93
-1010, 225, 93
-1089, 201, 140
-998, 141, 89
-941, 120, 72
-965, 234, 101
-1033, 339, 160
-1058, 553, 207
-1046, 769, 225
-1046, 769, 225
-995, 901, 211
-951, 906, 221
-969, 843, 245
-1018, 700, 294
-1085, 500, 329
-1037, 309, 292
-973, 151, 211
-949, 117, 210
-1003, -17, 232
-1003, -17, 232
-1034, -65, 257
-993, -169, 234
-1067, -240, 257
-949, -280, 177
-930, -430, 195
-1056, -549, 241
-1058, -546, 207
-992, -540, 160
-971, -451, 129
-884, -391, 100
-,-,-
-863, 258, -44
-863, 258, -44
-986, 246, 30
-1119, 237, 139
-1082, 391, 153
-1020, 483, 132
-973, 657, 122
-965, 793, 112
-996, 806, 133
-996, 806, 133
-1029, 816, 177
-1059, 711, 191
-957, 528, 118
-969, 373, 130
-984, 238, 169
-1051, 62, 216
-1131, -52, 247
-1038, -28, 178
-1038, -28, 178
-911, 65, 114
-758, 29, 69
-890, -136, 145
-1029, -121, 211
-1036, -93, 197
-881, -121, 118
-830, -190, 95
-1004, -235, 179
-1079, -213, 212
-1000, -239, 156
-966, -369, 137
-966, -369, 137
-1029, -571, 170
-1218, -784, 223
-1416, -899, 302
-,-,-
-952, 306, 63
-979, 202, 62
-979, 202, 62
-1084, 218, 122
-1124, 211, 152
-1104, 273, 149
-1040, 413, 136
-1030, 538, 139
-895, 659, 75
-855, 662, 62
-855, 662, 62
-960, 657, 130
-1122, 619, 209
-1072, 563, 192
-901, 407, 104
-900, 317, 95
-1126, 270, 202
-1127, 271, 220
-875, 200, 125
-875, 200, 125
-807, -59, 89
-956, -129, 140
-1145, -79, 221
-908, 8, 118
-693, -179, 27
-878, -232, 118
-878, -232, 118
-1078, -192, 212
-995, -129, 167
-791, -191, 85
-915, -381, 151
-1102, -413, 232
-,-,-
-1215, 629, 206
-968, 423, 129
-944, 235, 92
-1087, 150, 204
-1175, 144, 264
-1175, 144, 264
-1147, 268, 245
-1094, 402, 211
-1086, 564, 225
-1065, 662, 235
-1002, 753, 191
-978, 817, 201
-976, 721, 185
-890, 662, 142
-895, 514, 166
-930, 366, 200
-930, 366, 200
-955, 247, 218
-941, 67, 200
-810, -35, 118
-819, -61, 110
-1037, -47, 223
-1054, -68, 195
-917, -115, 130
-917, -115, 130
-749, -262, 93
-734, -372, 91
-1018, -364, 217
-1247, -317, 280
-1281, -321, 266
-1217, -386, 244
-1135, -686, 227
-1356, -867, 322
-,-,-
-1255, 283, 228
-1167, 396, 216
-1148, 553, 258
-1259, 733, 342
-1283, 754, 368
-1283, 754, 368
-1087, 735, 306
-992, 663, 258
-1021, 608, 286
-1049, 574, 304
-1046, 505, 299
-974, 317, 255
-859, 163, 208
-892, -74, 231
-860, -186, 164
-860, -186, 164
-749, -158, 88
-927, -90, 142
-1097, -92, 240
-862, -278, 178
-696, -564, 88
-866, -613, 112
-1017, -482, 165
-1049, -526, 189
-1008, -578, 147
-1142, -613, 208
-1237, -641, 221
-1264, -769, 213
-1365, -927, 235
-,-,-
-926, 486, 130
-926, 486, 130
-1005, 444, 158
-1052, 482, 157
-1049, 541, 183
-1097, 712, 250
-1044, 801, 246
-1012, 751, 225
-929, 775, 171
-959, 781, 169
-1022, 773, 225
-873, 629, 200
-873, 629, 200
-848, 418, 200
-958, 324, 217
-986, 308, 219
-839, 213, 163
-785, 17, 157
-950, -159, 203
-950, -159, 203
-1005, -189, 193
-1014, -155, 179
-855, -224, 132
-984, -441, 188
-1202, -419, 241
-1241, -407, 239
-1053, -622, 165
-1136, -683, 175
-1319, -531, 238
-1376, -465, 222
-,-,-
-702, 394, -13
-974, 476, 152
-1248, 565, 319
-1163, 559, 285
-1007, 612, 209
-1050, 518, 218
-1169, 534, 312
-1418, 623, 469
-1372, 657, 425
-1158, 591, 315
-1158, 591, 315
-992, 465, 234
-877, 391, 193
-913, 360, 213
-1062, 309, 264
-961, 247, 212
-807, 84, 130
-864, 45, 141
-864, 45, 141
-959, 59, 180
-1004, 20, 183
-947, -122, 156
-823, -167, 107
-922, -265, 160
-1010, -331, 199
-1068, -509, 243
-998, -554, 196
-1023, -590, 235
-1098, -763, 242
-,-,-
-917, 361, 134
-917, 361, 134
-1116, 361, 272
-1350, 519, 459
-1344, 561, 421
-1122, 746, 324
-1074, 759, 287
-1091, 750, 310
-1027, 715, 287
-987, 626, 271
-932, 551, 223
-932, 551, 223
-836, 500, 173
-906, 358, 207
-960, 245, 208
-905, 112, 180
-891, 10, 138
-973, -128, 141
-949, -158, 132
-949, -158, 90
-855, -284, 90
-836, -345, 61
-989, -362, 102
-1094, -271, 136
-1083, -252, 146
-919, -431, 97
-896, -581, 73
-1064, -598, 107
-1173, -502, 114
-1140, -430, 79
-,-,-
-925, 447, 117
-1201, 510, 299
-1161, 557, 283
-1064, 619, 232
-999, 733, 223
-999, 733, 223
-1056, 747, 257
-994, 733, 235
-874, 650, 182
-833, 576, 151
-869, 534, 158
-1054, 469, 246
-1123, 297, 257
-924, 181, 151
-924, 181, 151
-855, 98, 94
-931, 134, 101
-914, 158, 87
-974, 24, 129
-1048, -72, 179
-976, -136, 134
-976, -136, 134
-955, -149, 100
-1018, -50, 135
-1014, 39, 154
-873, -137, 122
-891, -316, 127
-1056, -311, 174
-1187, -270, 238
-,-,-
-980, 547, 127
-1129, 573, 203
-1331, 614, 322
-1249, 647, 314
-1174, 585, 267
-1171, 560, 265
-1137, 543, 263
-1058, 573, 240
-977, 490, 221
-995, 279, 218
-995, 279, 218
-959, 170, 198
-811, 39, 124
-903, -78, 147
-980, -39, 195
-880, 24, 161
-902, -147, 172
-902, -147, 172
-1032, -317, 214
-1016, -284, 186
-985, -171, 182
-848, -137, 136
-805, -242, 127
-1005, -358, 203
-1093, -370, 223
-1054, -397, 194
-902, -463, 132
-912, -568, 143
-1140, -656, 229
-,-,-
-1067, 345, 98
-1054, 388, 145
-1152, 512, 218
-1093, 649, 206
-1007, 687, 178
-914, 679, 156
-885, 647, 150
-885, 647, 150
-924, 591, 169
-883, 461, 142
-1000, 272, 197
-1112, 192, 235
-1068, 194, 195
-896, 23, 134
-990, -100, 153
-1110, -17, 208
-1119, 1, 223
-1119, 1, 223
-823, -33, 117
-714, -149, 94
-869, -172, 163
-853, -76, 155
-810, 17, 107
-864, 60, 148
-864, 60, 148
-901, -50, 196
-904, -180, 216
-1038, -377, 247
-1155, -540, 299
-,-,-
-1121, 539, 151
-1251, 527, 246
-1251, 527, 246
-1169, 559, 236
-1142, 611, 211
-1156, 599, 207
-1088, 483, 171
-990, 389, 133
-981, 337, 142
-843, 292, 93
-760, 196, 71
-760, 196, 71
-942, 14, 147
-1020, -71, 166
-897, -90, 112
-818, -123, 79
-864, -79, 125
-1116, -144, 234
-1080, -229, 198
-879, -195, 102
-823, -231, 91
-823, -231, 91
-917, -323, 138
-1005, -313, 195
-1092, -341, 247
-1034, -362, 261
-1137, -539, 312
-1262, -755, 347
-,-,-
-1038, 467, 94
-1064, 529, 141
-1069, 663, 149
-1044, 741, 144
-1063, 787, 170
-1063, 787, 170
-992, 774, 143
-975, 709, 145
-880, 633, 109
-752, 374, 42
-824, 99, 93
-957, -132, 193
-957, -132, 193
-979, -322, 210
-866, -419, 146
-1058, -590, 224
-1107, -553, 251
-1078, -432, 218
-930, -456, 153
-981, -524, 176
-1131, -473, 241
-1174, -386, 236
-1112, -360, 191
-1056, -368, 177
-1051, -462, 195
-999, -558, 181
-970, -646, 152
-963, -721, 148
-1012, -772, 159
-1018, -787, 172
-967, -796, 142
-871, -714, 101
-,-,-
-1163, 205, 127
-1186, 271, 138
-1107, 386, 132
-1100, 420, 106
-1053, 471, 92
-1029, 529, 106
-1076, 528, 139
-1049, 480, 146
-1049, 480, 146
-919, 369, 90
-956, 270, 111
-1075, 218, 182
-1012, 136, 154
-889, 31, 98
-884, 36, 112
-884, 36, 218
-1040, -8, 218
-980, -99, 190
-829, -140, 81
-832, -195, 68
-951, -258, 132
-1070, -302, 185
-1116, -295, 196
-1026, -350, 163
-1070, -489, 181
-1141, -564, 204
-1154, -587, 198
-1158, -686, 197
-,-,-
-1140, 464, 178
-1171, 470, 201
-1196, 501, 229
-1196, 501, 229
-1105, 643, 219
-1107, 621, 228
-1071, 535, 225
-1034, 502, 221
-962, 444, 196
-884, 302, 160
-907, 181, 181
-945, 160, 201
-1006, 92, 195
-1006, 92, 195
-936, 98, 145
-809, 70, 84
-870, -66, 111
-1090, -113, 200
-1197, -153, 243
-1056, -166, 144
-907, -169, 56
-885, -192, 18
-885, -192, 18
-1018, -169, 59
-1050, -88, 103
-1068, -75, 142
-1092, -217, 142
-1035, -487, 101
-1141, -688, 167
-1214, -814, 199
-1309, -993, 245
-,-,-
-1001, 500, 74
-1084, 620, 153
-1084, 620, 153
-1217, 735, 259
-1227, 853, 263
-1176, 925, 239
-1073, 860, 191
-949, 763, 149
-958, 662, 189
-1089, 465, 288
-1127, 300, 303
-1035, 158, 247
-906, 156, 177
-906, 156, 177
-954, 71, 209
-1081, -49, 274
-1068, -143, 260
-1002, -135, 195
-847, -96, 121
-910, -72, 154
-928, 13, 160
-956, 92, 128
-956, 92, 128
-1022, 190, 147
-989, 219, 138
-918, 205, 114
-921, 138, 119
-870, 66, 123
-1040, -73, 234
-1040, -73, 234
-,-,-
-1025, 208, 51
-950, 339, 68
-972, 441, 88
-972, 441, 88
-1004, 540, 127
-924, 752, 131
-939, 913, 163
-1176, 839, 279
-1244, 729, 317
-1116, 675, 252
-986, 521, 208
-971, 320, 221
-971, 320, 221
-1054, 166, 259
-1142, -44, 278
-1227, -171, 273
-1173, -168, 236
-1050, -76, 157
-934, -105, 82
-990, -157, 102
-1086, -126, 139
-1019, -92, 93
-863, -34, 20
-792, 99, -10
-792, 99, -10
-799, 128, 22
-815, 103, 61
-908, -2, 116
-900, -83, 133
-900, -83, 133
-1033, -269, 184
-,-,-
-1066, 558, 195
-1175, 645, 281
-1222, 627, 318
-1111, 616, 288
-1075, 582, 268
-995, 529, 227
-945, 443, 190
-911, 405, 176
-911, 405, 176
-858, 393, 154
-807, 361, 135
-931, 285, 184
-1029, 279, 216
-916, 313, 157
-884, 264, 127
-986, 246, 173
-986, 246, 173
-938, 286, 145
-885, 283, 118
-853, 217, 115
-1023, 150, 190
-1044, 189, 204
-935, 167, 166
-853, 53, 151
-853, 53, 151
-899, -78, 182
-1160, -162, 304
-1218, -187, 329
-1099, -325, 277
-,-,-
-895, 492, 101
-895, 492, 101
-1016, 496, 198
-1277, 620, 380
-1350, 757, 409
-1255, 747, 329
-1132, 718, 257
-1016, 686, 205
-974, 591, 203
-941, 535, 198
-906, 482, 180
-906, 482, 180
-811, 456, 130
-860, 364, 155
-973, 307, 212
-951, 267, 206
-857, 209, 150
-762, 179, 130
-870, 191, 152
-870, 191, 152
-925, 272, 151
-870, 305, 151
-896, 156, 172
-960, -6, 213
-1096, -203, 263
-1093, -315, 239
-1111, -376, 210
-1185, -515, 212
-1119, -393, 180
-1225, -405, 198
-1190, -425, 185
-,-,-
-863, 705, 134
-1105, 750, 268
-1212, 703, 329
-1212, 703, 329
-1283, 628, 363
-1339, 534, 382
-1229, 527, 313
-1130, 556, 264
-1074, 541, 220
-998, 516, 181
-881, 495, 129
-816, 402, 112
-887, 291, 152
-941, 226, 166
-941, 226, 166
-930, 248, 141
-844, 243, 115
-818, 170, 100
-830, 145, 104
-893, 149, 136
-916, 174, 164
-916, 174, 164
-869, 104, 158
-763, 18, 109
-752, -16, 110
-956, 3, 210
-1042, -36, 265
-1018, -105, 275
-969, -242, 274
-969, -242, 274
-1160, -391, 366
-1337, -553, 406
-1452, -613, 427
-,-,-
-940, 577, 97
-940, 577, 97
-1098, 686, 205
-1242, 761, 296
-1212, 761, 266
-1094, 629, 207
-1107, 605, 220
-1145, 570, 246
-1087, 485, 220
-988, 368, 174
-950, 322, 168
-950, 322, 168
-1037, 204, 212
-1070, 106, 220
-975, 103, 174
-956, 15, 151
-994, -23, 165
-964, -72, 131
-950, -54, 128
-950, -54, 128
-919, 6, 105
-869, 12, 93
-843, 21, 104
-840, 49, 113
-840, 49, 113
-934, 51, 137
-956, -47, 131
-868, -36, 108
-892, -61, 117
-988, -72, 176
-1054, -126, 232
-999, -266, 210
-999, -266, 210
-966, -300, 229
-,-,-
-1091, 814, 337
-1227, 732, 410
-1232, 709, 429
-1232, 709, 429
-1176, 555, 382
-1117, 478, 339
-1015, 441, 272
-867, 406, 185
-754, 345, 134
-903, 188, 217
-1125, 57, 295
-1046, 57, 222
-846, 98, 118
-846, 98, 118
-698, 52, 45
-852, -16, 103
-967, -5, 137
-931, 12, 108
-931, 12, 108
-792, 31, 54
-720, 48, 46
-772, -26, 99
-945, -146, 181
-945, -146, 181
-1026, -132, 213
-946, -62, 186
-882, -57, 179
-836, -83, 175
-909, -210, 213
-,-,-
-1085, 805, 281
-949, 872, 213
-1043, 947, 284
-1043, 947, 284
-1170, 915, 345
-1090, 928, 317
-955, 788, 255
-815, 657, 190
-839, 499, 202
-922, 289, 235
-959, 213, 232
-941, 183, 225
-941, 183, 225
-1033, 40, 266
-1109, -45, 276
-1101, -6, 243
-1037, 19, 200
-927, 19, 146
-887, 28, 129
-887, 28, 129
-825, 76, 102
-718, 169, 50
-771, 219, 78
-870, 242, 128
-779, 203, 104
-779, 203, 104
-864, 34, 173
-1141, -83, 304
-1327, -190, 373
-1393, -358, 392
-,-,-
-804, 806, 118
-804, 806, 118
-966, 845, 216
-1176, 864, 408
-1219, 866, 437
-1083, 800, 353
-973, 707, 266
-892, 639, 205
-961, 504, 260
-1168, 358, 374
-1168, 358, 374
-1114, 224, 327
-912, 149, 195
-957, 65, 199
-1096, -31, 267
-1118, -102, 233
-957, -20, 144
-888, 41, 116
-871, -1, 108
-871, -1, 108
-883, -22, 108
-889, 5, 112
-835, 42, 98
-755, 17, 68
-755, 17, 68
-836, -80, 118
-1034, -145, 236
-1155, -208, 308
-1199, -337, 333
-1197, -605, 336
-1398, -781, 439
-,-,-
-1067, 432, 195
-1050, 505, 185
-1074, 621, 225
-1092, 633, 242
-1092, 633, 242
-1077, 645, 230
-1057, 637, 220
-977, 550, 190
-880, 410, 157
-930, 298, 187
-968, 222, 216
-993, 45, 224
-981, -48, 219
-981, -48, 219
-966, -123, 202
-902, -199, 180
-1050, -218, 254
-1127, -190, 267
-969, -229, 181
-874, -268, 148
-1019, -313, 209
-1049, -280, 219
-1068, -341, 217
-1061, -424, 168
-1037, -426, 131
-1002, -423, 132
-978, -565, 133
-1019, -659, 142
-,-,-
-1152, 458, 189
-1110, 437, 181
-1073, 482, 162
-929, 505, 143
-936, 368, 182
-1014, 268, 222
-951, 204, 166
-940, 111, 141
-866, 58, 116
-866, 58, 116
-812, -12, 123
-852, -202, 128
-927, -265, 149
-1010, -186, 174
-994, -180, 152
-930, -205, 120
-989, -354, 156
-1031, -396, 165
-1059, -372, 160
-1037, -370, 126
-975, -346, 100
-1032, -398, 120
-1055, -420, 116
-1088, -424, 130
-1024, -504, 117
-1024, -504, 117
-997, -666, 90
-,-,-
-1109, 528, 265
-991, 528, 176
-975, 576, 188
-1011, 643, 214
-1025, 676, 230
-1013, 719, 243
-942, 713, 211
-942, 713, 211
-856, 632, 167
-835, 573, 162
-884, 515, 182
-895, 459, 191
-778, 352, 157
-915, 228, 218
-1039, 186, 261
-1039, 186, 261
-977, 155, 202
-863, 103, 138
-804, 29, 126
-1012, -30, 224
-1071, 87, 247
-874, 105, 163
-723, -5, 117
-723, -5, 117
-883, -226, 227
-1192, -375, 336
-1194, -367, 286
-1183, -369, 271
-1196, -466, 280
-,-,-
-1035, 541, 172
-1073, 462, 128
-1165, 393, 218
-1250, 504, 275
-1229, 616, 266
-1147, 662, 205
-1047, 707, 153
-1004, 690, 130
-1004, 690, 130
-905, 699, 101
-874, 640, 104
-854, 553, 106
-819, 413, 93
-879, 330, 132
-880, 292, 130
-894, 284, 196
-894, 284, 196
-948, 114, 198
-802, 81, 151
-944, -87, 216
-983, -73, 250
-877, -19, 226
-841, -235, 249
-1059, -506, 350
-1295, -506, 403
-1295, -587, 403
-1410, -638, 415
-1351, -837, 387
-1393, -895, 394
-,-,-
-950, 502, 178
-1036, 548, 228
-1036, 548, 228
-1223, 558, 350
-1309, 558, 362
-1114, 766, 294
-1098, 852, 287
-1080, 786, 274
-992, 698, 232
-894, 678, 193
-806, 623, 169
-804, 558, 180
-764, 471, 163
-764, 471, 163
-754, 386, 165
-730, 292, 168
-874, 45, 212
-976, -14, 252
-986, -28, 228
-865, -89, 155
-865, -89, 155
-874, -239, 123
-1067, -264, 191
-1133, -244, 235
-1049, -280, 226
-1010, -319, 201
-1012, -328, 171
-1015, -275, 186
-1004, -390, 209
-1054, -614, 220
-,-,-
-764, 515, 90
-880, 722, 151
-1392, 735, 420
-1471, 770, 481
-1186, 674, 315
-1031, 657, 251
-930, 696, 217
-930, 696, 217
-980, 704, 262
-1025, 637, 282
-914, 620, 213
-808, 575, 164
-776, 463, 169
-864, 325, 220
-895, 215, 210
-995, 151, 197
-995, 151, 197
-919, 187, 162
-826, 53, 101
-852, -26, 101
-974, -9, 162
-1042, -50, 177
-947, -80, 125
-947, -80, 125
-859, -127, 94
-785, -167, 62
-845, -255, 109
-971, -374, 175
-1038, -368, 186
-1055, -333, 194
-1110, -537, 253
-1423, -778, 356
-1446, -743, 367
-,-,-
-1001, 363, 134
-1182, 568, 258
-1362, 527, 289
-1270, 562, 236
-1156, 635, 214
-1025, 584, 168
-932, 629, 156
-884, 608, 161
-885, 526, 171
-930, 463, 193
-930, 463, 193
-961, 366, 203
-948, 243, 212
-989, 116, 229
-1024, -24, 215
-958, -28, 177
-858, -104, 140
-952, -203, 188
-1024, -166, 208
-1010, -211, 203
-925, -237, 175
-925, -237, 175
-905, -323, 152
-986, -343, 180
-1090, -356, 218
-1015, -280, 190
-940, -292, 155
-1143, -405, 229
-,-,-
-966, 488, 85
-930, 395, 93
-1065, 405, 236
-1098, 505, 233
-994, 486, 169
-994, 486, 169
-1015, 473, 159
-1032, 641, 171
-1036, 762, 198
-1031, 722, 216
-945, 615, 187
-828, 555, 129
-872, 478, 163
-867, 356, 183
-867, 356, 183
-856, 227, 190
-866, 81, 165
-943, 61, 207
-866, -61, 159
-878, -170, 166
-952, -185, 189
-969, -145, 169
-969, -145, 140
-878, -114, 140
-808, -134, 132
-1094, -128, 261
-1246, -125, 332
-1135, -185, 274
-1088, -297, 244
-1071, -388, 233
-,-,-
-1183, 388, 246
-1183, 388, 246
-1288, 355, 303
-1100, 343, 212
-1064, 419, 174
-1158, 528, 217
-1089, 590, 194
-932, 508, 120
-896, 457, 99
-932, 415, 138
-1008, 269, 195
-1008, 269, 195
-921, 169, 140
-951, 143, 126
-969, 106, 128
-933, 12, 89
-986, 30, 119
-979, -14, 112
-979, -14, 112
-928, -80, 89
-918, -80, 100
-963, -125, 118
-998, -179, 142
-959, -201, 141
-933, -323, 155
-1078, -437, 227
-1181, -492, 251
-1160, -530, 203
-,-,-
-924, 654, 28
-894, 591, 39
-928, 560, 85
-1062, 549, 161
-1195, 596, 220
-1025, 628, 147
-1025, 628, 147
-807, 584, 47
-870, 554, 91
-971, 544, 147
-1010, 444, 160
-936, 366, 134
-998, 243, 198
-1041, 101, 238
-1041, 101, 238
-1028, -7, 204
-1017, 13, 191
-979, 6, 165
-945, -21, 160
-1016, -44, 211
-998, -105, 203
-928, -193, 165
-893, -157, 139
-893, -157, 139
-1015, -224, 187
-1040, -241, 191
-1133, -256, 251
-1076, -336, 205
-1027, -356, 196
-1158, -449, 292
-,-,-
-841, 398, 68
-930, 510, 147
-1435, 449, 415
-1447, 480, 417
-1235, 500, 284
-1084, 553, 222
-968, 627, 193
-968, 627, 193
-909, 559, 188
-896, 506, 179
-924, 479, 178
-938, 456, 173
-861, 411, 132
-906, 313, 160
-906, 313, 160
-973, 255, 185
-972, 162, 173
-921, 92, 147
-997, 103, 173
-1033, 106, 164
-994, 6, 158
-994, 6, 158
-904, -69, 116
-997, -34, 142
-1047, 58, 153
-911, 64, 105
-817, -16, 66
-817, -16, 66
-875, -56, 120
-960, -120, 182
-1010, -249, 207
-1092, -373, 228
-1118, -436, 250
-1307, -575, 306
-,-,-
-1171, 693, 275
-1304, 638, 348
-1128, 608, 267
-1074, 505, 220
-1051, 471, 204
-1051, 471, 204
-985, 440, 186
-910, 376, 151
-863, 340, 128
-920, 282, 163
-1025, 153, 201
-1051, 113, 193
-1003, 108, 163
-925, 100, 128
-908, 69, 125
-908, 69, 125
-1018, 30, 171
-1045, 39, 180
-988, 44, 164
-900, 42, 120
-862, 102, 106
-862, 102, 106
-897, 93, 119
-875, 141, 125
-831, 194, 129
-784, 167, 124
-726, 128, 129
-885, 10, 207
-885, 10, 207
-931, -22, 196
-1153, -157, 330
-1239, -220, 332
-1437, -489, 426
-1549, -696, 449
-1628, -854, 484
-,-,-
-1119, 681, 188
-1102, 762, 234
-1214, 790, 289
-1340, 698, 332
-1220, 812, 313
-1042, 684, 260
-874, 540, 187
-874, 540, 187
-910, 367, 196
-1004, 287, 242
-980, 228, 234
-953, 152, 212
-942, 134, 199
-1003, 88, 218
-970, 84, 186
-970, 84, 186
-911, 49, 143
-982, 62, 189
-1071, 13, 238
-1001, -61, 191
-1011, -87, 173
-1028, -56, 161
-1028, -56, 161
-992, -71, 160
-915, -119, 135
-848, -135, 116
-931, -110, 153
-974, -100, 177
-922, -167, 152
-931, -222, 154
-1144, -324, 260
-,-,-
-1056, 729, 259
-851, 648, 128
-979, 641, 189
-1225, 709, 341
-1250, 625, 361
-1041, 503, 255
-950, 447, 203
-950, 447, 203
-919, 383, 184
-914, 322, 174
-1031, 281, 228
-1018, 258, 212
-918, 205, 148
-951, 176, 168
-932, 169, 169
-932, 169, 169
-943, 111, 171
-953, 159, 165
-919, 108, 139
-926, 118, 143
-918, 162, 156
-824, 187, 124
-717, 231, 108
-717, 231, 108
-774, 247, 153
-922, 193, 228
-980, 55, 234
-1019, -61, 245
-1186, -352, 303
-1207, -497, 310
-1594, -641, 485
-,-,-
-879, 450, 82
-822, 405, 56
-854, 458, 83
-1079, 585, 257
-1270, 529, 343
-1299, 461, 341
-1090, 511, 256
-1022, 495, 220
-1022, 495, 220
-901, 510, 170
-853, 495, 144
-874, 480, 160
-916, 428, 182
-925, 360, 177
-931, 307, 178
-814, 264, 124
-789, 215, 127
-789, 215, 127
-1067, 38, 249
-1152, -2, 262
-1039, -10, 184
-974, -2, 135
-867, 99, 126
-775, 118, 108
-775, 118, 108
-758, 116, 101
-849, 77, 146
-961, -25, 183
-1022, -73, 204
-1653, -292, 438
-1456, -291, 453
-962, -334, 196
-1228, -506, 285
-,-,-
-852, 100, 24
-822, 96, 33
-822, 96, 33
-938, 114, 99
-1060, 160, 170
-1040, 298, 184
-942, 513, 168
-942, 656, 173
-942, 656, 188
-945, 779, 188
-1042, 781, 263
-1177, 807, 344
-1092, 776, 324
-948, 679, 263
-881, 591, 241
-965, 406, 293
-1142, 187, 362
-1120, 66, 313
-1120, 66, 313
-1047, -37, 249
-879, -52, 173
-768, -131, 148
-860, -236, 173
-1019, -206, 216
-938, -176, 174
-888, -143, 146
-980, -224, 195
-1088, -338, 244
-1136, -467, 259
-1250, -497, 305
-,-,-
-1032, 378, 200
-946, 310, 200
-991, 266, 225
-991, 266, 225
-1003, 273, 245
-1011, 295, 268
-952, 363, 246
-902, 441, 229
-937, 442, 247
-926, 489, 236
-915, 516, 206
-915, 516, 206
-836, 518, 185
-819, 493, 206
-916, 374, 269
-1025, 244, 313
-1095, 174, 311
-1028, 196, 253
-931, 170, 171
-820, 273, 174
-820, 273, 174
-1017, 243, 238
-978, 225, 203
-894, 156, 142
-840, 154, 129
-842, 87, 173
-1020, -141, 303
-1082, -247, 215
-1396, -480, 380
-1330, -468, 368
-,-,-
-973, 534, 180
-1005, 436, 225
-1005, 429, 251
-987, 433, 261
-1027, 518, 293
-1083, 580, 328
-1065, 611, 316
-950, 609, 245
-839, 592, 187
-839, 592, 187
-752, 547, 153
-731, 513, 160
-869, 386, 239
-971, 263, 294
-1056, 125, 331
-996, 52, 286
-996, 52, 286
-906, -27, 227
-956, 7, 249
-1047, -111, 298
-948, -123, 248
-912, -155, 221
-972, -107, 233
-990, -75, 235
-994, -124, 243
-994, -124, 243
-1052, -243, 307
-1225, -447, 389
-1373, -634, 403
-,-,-
-1043, 428, 185
-992, 447, 238
-1024, 475, 213
-1067, 443, 232
-971, 466, 208
-971, 466, 175
-888, 493, 175
-915, 452, 191
-936, 420, 193
-894, 376, 170
-943, 290, 194
-1001, 238, 229
-971, 151, 217
-970, 131, 211
-970, 131, 211
-921, 162, 189
-963, 141, 210
-934, 66, 201
-1049, -19, 252
-1042, -69, 260
-1034, -28, 231
-1005, -46, 217
-878, -21, 177
-878, -21, 177
-950, -47, 217
-1003, -18, 228
-1044, -50, 255
-1068, -63, 269
-1106, -34, 300
-1108, -175, 324
-1130, -308, 325
-1145, -361, 327
-1198, -455, 360
-,-,-
-1120, 233, 194
-1090, 222, 195
-1061, 241, 204
-975, 279, 174
-924, 401, 192
-973, 586, 253
-901, 774, 255
-849, 856, 236
-849, 856, 236
-772, 859, 217
-800, 860, 258
-909, 756, 316
-900, 612, 313
-862, 485, 301
-972, 359, 353
-1069, 194, 386
-1178, -72, 376
-1178, -72, 376
-1103, -122, 327
-1214, -330, 321
-1054, -391, 233
-919, -388, 183
-1049, -386, 245
-967, -408, 224
-913, -430, 217
-890, -470, 204
-978, -492, 237
-1080, -514, 274
-1059, -554, 279
-,-,-
-984, 473, 241
-1139, 404, 306
-1162, 382, 289
-1078, 348, 250
-1042, 370, 234
-986, 405, 238
-910, 385, 223
-836, 412, 210
-836, 412, 199
-789, 464, 199
-881, 479, 242
-873, 450, 234
-851, 416, 217
-879, 406, 247
-993, 344, 290
-1035, 289, 303
-1048, 233, 310
-1048, 233, 310
-1049, 201, 314
-1085, 180, 335
-1037, 93, 295
-911, 111, 255
-1071, -1, 329
-1118, -35, 349
-1022, -46, 295
-973, -60, 263
-995, -61, 282
-995, -61, 282
-1011, -147, 291
-1044, -205, 302
-1026, -170, 297
-1007, -201, 287
-1030, -248, 309
-1091, -272, 337
-1141, -290, 336
-1144, -291, 344
-1083, -335, 326
-,-,-
-873, 407, 148
-895, 501, 175
-1010, 506, 253
-1010, 506, 253
-1104, 546, 294
-1043, 574, 271
-943, 668, 240
-880, 672, 226
-889, 579, 247
-923, 519, 276
-971, 392, 315
-973, 242, 324
-973, 242, 324
-1007, 83, 342
-1084, -71, 379
-1212, -247, 408
-1100, -247, 330
-1017, -266, 240
-1002, -189, 227
-935, -117, 193
-958, -95, 203
-921, -159, 186
-894, -199, 154
-910, -192, 150
-956, -213, 150
-950, -166, 153
-950, -166, 153
-950, -233, 176
-1124, -409, 278
-1218, -504, 327
-,-,-
-1103, 540, 300
-1186, 530, 379
-1116, 500, 347
-1092, 444, 313
-1092, 444, 313
-1032, 477, 300
-1024, 458, 298
-983, 517, 280
-923, 558, 247
-904, 536, 243
-869, 497, 222
-782, 443, 190
-777, 367, 206
-777, 367, 206
-856, 259, 253
-915, 159, 269
-895, 76, 272
-990, -29, 302
-1044, -87, 312
-1026, -123, 329
-927, -51, 296
-995, -185, 342
-995, -185, 342
-1073, -226, 332
-1061, -163, 333
-1125, -229, 364
-1132, -330, 354
-1125, -358, 346
-1165, -428, 376
-1159, -486, 374
-1134, -480, 336
-,-,-
-1042, 274, 216
-1017, 226, 225
-1042, 251, 246
-1022, 309, 235
-1047, 365, 255
-1047, 384, 256
-992, 390, 230
-913, 387, 193
-860, 414, 171
-860, 414, 171
-883, 402, 194
-974, 363, 251
-950, 334, 252
-917, 302, 239
-942, 275, 243
-965, 232, 252
-965, 232, 252
-979, 199, 253
-1038, 157, 281
-1113, 100, 305
-1069, 111, 273
-929, 134, 206
-874, 87, 176
-912, 66, 203
-912, 66, 254
-1076, -17, 254
-943, 44, 171
-919, 16, 166
-965, 27, 193
-1026, 15, 221
-1112, -22, 269
-1112, -22, 269
-1153, -30, 300
-1122, -156, 275
-1099, -205, 257
-1113, -258, 269
-,-,-
-952, 394, 188
-1053, 404, 275
-1219, 261, 328
-1219, 261, 328
-1180, 174, 292
-1091, 161, 254
-992, 168, 226
-916, 247, 206
-875, 353, 212
-918, 380, 241
-935, 423, 246
-911, 458, 228
-911, 458, 228
-885, 472, 224
-885, 492, 229
-879, 500, 221
-891, 437, 237
-918, 358, 265
-1024, 370, 325
-1041, 397, 334
-896, 314, 248
-896, 314, 248
-856, 312, 220
-994, 307, 279
-1198, 144, 387
-1172, -32, 367
-927, 26, 229
-924, -36, 227
-1046, -167, 263
-1034, -247, 243
-999, -287, 222
-999, -287, 222
-1008, -297, 234
-1044, -357, 261
-1081, -375, 287
-1082, -470, 305
-,-,-
-888, 391, 107
-1067, 343, 230
-1150, 413, 295
-1141, 442, 286
-1141, 442, 286
-1115, 387, 274
-1020, 390, 248
-967, 450, 226
-960, 477, 219
-914, 454, 187
-930, 425, 198
-1020, 342, 251
-1017, 249, 259
-927, 195, 214
-927, 195, 214
-918, 142, 197
-974, 128, 217
-1013, 166, 242
-970, 177, 233
-984, 81, 224
-952, 104, 234
-987, 51, 262
-987, 51, 262
-904, 92, 220
-941, -22, 230
-1007, -56, 273
-1124, -126, 337
-1149, -214, 348
-1090, -277, 320
-1198, -297, 379
-1246, -363, 388
-1112, -421, 310
-,-,-
-1061, 393, 268
-1117, 330, 265
-1117, 330, 265
-1132, 320, 281
-1042, 374, 245
-954, 390, 218
-912, 402, 207
-869, 433, 193
-876, 438, 193
-893, 370, 191
-904, 322, 199
-904, 322, 199
-960, 259, 233
-1022, 201, 271
-1025, 175, 261
-920, 173, 212
-865, 154, 202
-986, 47, 272
-1081, 11, 304
-1081, 11, 304
-1027, 29, 254
-963, 147, 207
-930, 273, 197
-929, 239, 209
-889, 195, 184
-896, 163, 213
-942, 153, 241
-942, 153, 241
-1046, 1, 273
-1069, -25, 286
-1062, -69, 286
-983, -147, 251
-1008, -209, 261
-1123, -231, 307
-1072, -235, 267
-997, -261, 239
-1107, -345, 315
-1274, -463, 392
-1201, -536, 364
-1032, -579, 295
-,-,-
-934, 225, 115
-979, 207, 151
-1099, 287, 206
-1120, 268, 235
-1076, 231, 210
-1000, 246, 190
-982, 287, 194
-909, 350, 185
-831, 363, 157
-831, 363, 157
-860, 384, 175
-979, 424, 230
-1044, 411, 256
-974, 381, 222
-949, 349, 216
-976, 302, 254
-1123, 241, 321
-1110, 217, 306
-1110, 217, 306
-964, 202, 232
-955, 172, 222
-942, 172, 224
-861, 116, 200
-897, 160, 217
-945, 148, 274
-874, 87, 266
-874, 87, 266
-892, -23, 300
-1022, -190, 361
-1054, -244, 391
-1230, -279, 469
-1300, -227, 516
-1267, -339, 481
-1214, -391, 407
-1110, -302, 354
-,-,-
-863, 130, 98
-863, 130, 98
-983, 165, 153
-1032, 174, 212
-993, 173, 194
-894, 248, 155
-885, 435, 156
-942, 596, 183
-942, 596, 183
-997, 599, 212
-917, 611, 185
-785, 568, 142
-675, 492, 121
-784, 432, 223
-1068, 316, 380
-1072, 248, 377
-1003, 110, 339
-1003, 110, 339
-1283, 11, 484
-1334, -101, 455
-1128, 67, 421
-946, 132, 275
-876, 130, 217
-783, 196, 169
-812, 211, 216
-909, 131, 320
-909, 131, 320
-1092, -44, 401
-1051, -67, 380
-1123, -141, 407
-1177, -198, 415
-1135, -216, 394
-1128, -237, 378
-1117, -200, 363
-1094, -212, 335
-,-,-
-905, 194, 180
-1094, 250, 298
-1166, 269, 335
-1149, 373, 324
-1107, 551, 339
-1178, 615, 389
-1200, 618, 404
-1057, 663, 353
-941, 661, 306
-881, 572, 287
-881, 572, 287
-897, 435, 309
-1025, 174, 366
-1005, 26, 344
-895, -42, 264
-923, -96, 223
-902, -132, 211
-740, -127, 125
-812, -255, 150
-812, -255, 150
-1035, -276, 255
-1034, -226, 257
-1003, -207, 258
-1064, -304, 301
-1100, -330, 314
-1120, -366, 325
-1210, -361, 386
-1284, -434, 356
-1176, -530, 417
-,-,-
-930, 547, 228
-844, 366, 179
-947, 327, 211
-996, 376, 231
-1033, 358, 259
-976, 329, 249
-976, 329, 249
-891, 405, 221
-878, 478, 216
-879, 498, 207
-826, 530, 185
-815, 570, 184
-949, 527, 264
-1065, 477, 327
-1065, 477, 327
-945, 409, 276
-877, 320, 232
-940, 256, 257
-1071, 235, 306
-950, 271, 255
-824, 124, 206
-955, -15, 241
-1087, -1, 315
-1087, -1, 315
-999, 50, 260
-949, -53, 226
-1012, -97, 243
-1070, -54, 279
-1113, -134, 303
-1045, -168, 284
-1051, -196, 273
-1034, -131, 243
-1078, -100, 264
-1077, -128, 283
-1076, -180, 299
-1032, -286, 263
-,-,-
-948, 434, 132
-942, 483, 159
-984, 560, 170
-984, 560, 170
-941, 556, 154
-923, 528, 130
-955, 563, 160
-849, 700, 173
-751, 580, 158
-864, 353, 215
-1056, 205, 287
-1056, 205, 287
-928, 114, 323
-1008, -197, 328
-1134, -280, 360
-1217, -274, 376
-1209, -354, 337
-1094, -283, 282
-1065, -260, 250
-1131, -357, 247
-1028, -297, 214
-1028, -368, 200
-966, -396, 187
-979, -349, 192
-1023, -263, 216
-,-,-
-1052, 289, 164
-1010, 245, 162
-1050, 249, 233
-1117, 279, 243
-1031, 440, 191
-931, 527, 141
-909, 394, 131
-909, 394, 131
-1017, 333, 193
-1045, 361, 213
-987, 296, 188
-951, 215, 211
-1084, 66, 236
-1115, 73, 270
-1037, 17, 223
-946, -69, 184
-946, -69, 184
-955, -39, 174
-1049, -82, 236
-901, -60, 207
-863, -98, 206
-925, -125, 242
-1036, -256, 285
-1039, -331, 282
-1090, -364, 297
-1136, -432, 341
-,-,-
-1099, 126, 173
-1063, 152, 190
-966, 273, 126
-962, 353, 125
-981, 481, 140
-981, 481, 140
-997, 524, 156
-995, 542, 172
-1018, 566, 192
-998, 554, 178
-1041, 441, 202
-1065, 276, 224
-1017, 224, 224
-1002, 176, 252
-1002, 176, 219
-950, 40, 219
-902, -72, 184
-832, 54, 148
-919, 71, 199
-956, -38, 224
-1024, -142, 245
-1131, -210, 248
-998, -269, 186
-998, -269, 186
-919, -307, 164
-983, -321, 192
-1120, -424, 294
-1219, -508, 334
-1168, -527, 306
-,-,-
-1064, 139, 117
-1036, 122, 158
-1015, 188, 146
-970, 200, 115
-970, 200, 115
-983, 213, 121
-973, 276, 117
-977, 384, 117
-1076, 442, 177
-1057, 423, 173
-985, 368, 153
-988, 384, 160
-999, 395, 165
-999, 395, 165
-1019, 327, 168
-927, 335, 136
-861, 263, 142
-1084, 109, 231
-1106, 29, 227
-1156, -2, 231
-1140, 13, 209
-985, 114, 148
-985, 114, 148
-1012, -50, 169
-996, -91, 174
-970, -129, 154
-891, -124, 112
-851, -144, 108
-930, -182, 163
-979, -276, 181
-996, -347, 179
-1067, -424, 169
-1044, -351, 175
-1110, -397, 231
